//--------------------------------------------------
//  Activity-to-;Heat factors, in W/Ci (92SDOe + M.e.Brendan, dec 98)
//--------------------------------------------------
//--------------------------------------------------
//  Sievert to Becqrel  ????(Svbq)
//--------------------------------------------------
// Z A I W/Bq   Sv/Bq     
1 3 0 9.104e-16 0
2 6 0 2.50819e-13 0
2 8 0 8.29654e-13 0
4 7 0 7.97789e-15 0
4 12 0 8.984e-13 0
5 12 0 1.01618e-12 0
5 13 0 1.06952e-12 0
5 14 0 2.08947e-12 0
6 10 0 4.09932e-13 0
6 11 0 2.24675e-13 0
6 14 0 7.91519e-15 0
6 15 0 1.01635e-12 0
7 12 0 1.40057e-12 0
7 13 0 2.41735e-13 0
7 16 0 1.16001e-12 0
8 13 0 1.43077e-12 0
8 14 0 6.55419e-13 0
8 15 0 2.80884e-13 0
8 19 0 4.36016e-13 0
8 20 0 3.60776e-13 0
8 21 0 8.52811e-13 0
9 17 0 2.81481e-13 0
9 18 0 1.96836e-13 0
9 20 0 6.56086e-13 0
9 21 0 4.658e-13 0
9 23 0 8.5e-13 0
9 26 0 1.37397e-12 0
10 18 0 4.16646e-13 0
10 19 0 3.17308e-13 0
10 23 0 3.3053e-13 0
10 24 0 2.15162e-13 0
10 25 0 6.24416e-13 0
10 27 0 1.05133e-12 0
11 21 0 3.42332e-13 0
11 22 0 3.82832e-13 0
11 24 0 7.48165e-13 0
11 24 1 7.57362e-14 0
11 25 0 3.10692e-13 0
11 26 0 8.80808e-13 0
11 27 0 7.65316e-13 0
12 22 0 4.93595e-13 0
12 23 0 3.83168e-13 0
12 27 0 2.54826e-13 0
12 28 0 2.45011e-13 0
12 29 0 7.18484e-13 0
12 31 0 1.0683e-12 0
13 23 0 1.1138e-12 0
13 24 0 1.84366e-12 0
13 24 1 5.58649e-14 0
13 25 0 3.98062e-13 0
13 26 0 4.99089e-13 0
13 26 1 3.93832e-13 0
13 28 0 4.84149e-13 0
13 29 0 3.76984e-13 0
13 30 0 9.24168e-13 0
13 31 0 6.49722e-13 0
14 26 0 4.59978e-13 0
14 31 0 9.53786e-14 0
14 35 0 1.14014e-12 0
15 28 0 1.49054e-12 0
15 30 0 3.93205e-13 0
15 32 0 1.11184e-13 0
15 33 0 1.2224e-14 0
15 34 0 4.22303e-13 0
15 35 0 4.24162e-13 0
15 36 0 1.24085e-12 0
16 29 0 1.34759e-12 0
16 30 0 5.90649e-13 0
16 31 0 4.85468e-13 0
16 35 0 7.78081e-15 0
16 37 0 5.97016e-13 0
16 38 0 3.49684e-13 0
16 39 0 6.34884e-13 0
16 40 0 4.64649e-13 0
17 32 0 1.30013e-12 0
17 33 0 5.00816e-13 0
17 34 0 4.91932e-13 0
17 34 1 4.12378e-13 0
17 36 0 3.94822e-14 0
17 38 0 4.84957e-13 0
17 38 1 1.07364e-13 0
17 39 0 3.64184e-13 0
17 40 0 9.01311e-13 0
18 34 0 5.42943e-13 0
18 35 0 5.304e-13 0
18 37 0 3.46335e-16 0
18 39 0 3.50081e-14 0
18 41 0 2.79605e-13 0
18 42 0 3.728e-14 0
18 43 0 4.58754e-13 0
18 46 0 5.87819e-13 0
19 36 0 1.42611e-12 0
19 37 0 5.471e-13 0
19 38 0 7.02905e-13 0
19 38 1 5.34778e-13 0
19 40 0 1.04849e-13 0
19 42 0 2.73478e-13 0
19 43 0 2.03961e-13 0
19 44 0 6.11427e-13 0
19 45 0 4.51478e-13 0
19 46 0 1.59979e-12 0
19 47 0 7.0943e-13 0
19 48 0 1.45951e-12 0
19 49 0 4.14303e-13 0
19 50 0 9.16103e-13 0
20 38 0 6.07541e-13 0
20 39 0 5.73054e-13 0
20 41 0 4.30578e-16 0
20 45 0 1.22976e-14 0
20 47 0 2.15498e-13 0
20 49 0 6.46789e-13 0
20 50 0 5.06746e-13 0
20 51 0 7.80073e-13 0
21 40 0 1.66994e-12 0
21 41 0 5.70138e-13 0
21 42 0 5.64616e-13 0
21 42 1 8.73576e-13 0
21 43 0 2.24745e-13 0
21 44 0 4.37132e-13 0
21 44 1 4.3893e-14 0
21 45 1 1.81895e-15 0
21 46 0 3.39416e-13 0
21 46 1 2.25245e-14 0
21 47 0 4.34111e-14 0
21 48 0 5.71743e-13 0
21 49 0 1.31952e-13 0
21 50 0 7.73886e-13 0
21 50 1 5.61805e-14 0
21 51 0 6.70592e-13 0
21 52 0 9.18076e-13 0
22 43 0 6.14427e-13 0
22 44 0 2.40204e-14 0
22 45 0 1.98878e-13 0
22 51 0 1.98196e-13 0
22 52 0 1.39126e-13 0
22 53 0 5.40203e-13 0
23 44 0 1.42048e-12 0
23 44 1 1.52652e-12 0
23 45 0 6.19843e-13 0
23 46 0 6.13746e-13 0
23 46 1 1.28176e-13 0
23 47 0 2.87708e-13 0
23 48 0 4.90605e-13 0
23 49 0 6.80827e-16 0
23 52 0 4.02146e-13 0
23 53 0 3.27551e-13 0
23 54 0 8.95073e-13 0
23 55 0 4.91441e-13 0
24 46 0 6.57759e-13 0
24 47 0 6.45441e-13 0
24 48 0 7.07108e-14 0
24 49 0 2.65682e-13 0
24 51 0 5.8327e-15 0
24 55 0 1.76266e-13 0
24 56 0 1.1173e-13 0
24 57 0 3.8533e-13 0
25 49 0 6.73846e-13 0
25 50 0 6.59362e-13 0
25 50 1 1.00268e-12 0
25 51 0 3.09205e-13 0
25 52 0 5.65108e-13 0
25 52 1 5.61214e-13 0
25 53 0 8.22268e-16 0
25 54 0 1.34396e-13 0
25 56 0 4.035e-13 0
25 57 0 1.92507e-13 0
25 58 0 6.60632e-13 0
25 59 0 4.15368e-13 0
25 60 0 6.144e-13 0
25 60 1 8.16835e-13 0
25 61 0 5.42054e-13 0
25 62 0 9.51776e-13 0
26 51 0 6.93214e-13 0
26 52 1 1.09884e-12 0
26 53 0 3.64192e-13 0
26 53 1 4.88749e-13 0
26 55 0 8.96035e-16 0
26 59 0 2.0897e-13 0
26 60 0 1.73065e-14 0
26 61 0 4.1563e-13 0
26 62 0 2.12816e-13 0
26 63 0 3.91551e-13 0
26 64 0 3.65481e-13 0
27 53 0 7.19008e-13 0
27 54 0 7.07319e-13 0
27 54 1 9.56446e-13 0
27 55 0 3.88716e-13 0
27 56 0 6.01565e-13 0
27 57 0 2.28739e-14 0
27 58 0 1.61384e-13 0
27 58 1 3.74689e-15 0
27 60 0 4.16092e-13 0
27 60 1 9.62951e-15 0
27 61 0 9.01046e-14 0
27 62 0 5.18265e-13 0
27 62 1 5.98954e-13 0
27 63 0 2.74035e-13 0
27 64 0 5.5517e-13 0
27 65 0 4.44676e-13 0
27 67 0 7.14968e-13 0
27 68 0 1.16486e-12 0
28 55 0 7.43408e-13 0
28 56 0 2.75992e-13 0
28 57 0 3.35441e-13 0
28 59 0 1.06282e-15 0
28 63 0 2.788e-15 0
28 65 0 1.89799e-13 0
28 66 0 1.04e-14 0
28 67 0 2.53409e-13 0
28 69 0 6.05243e-13 0
29 57 0 7.58373e-13 0
29 58 0 7.77919e-13 0
29 59 0 4.69076e-13 0
29 60 0 7.70384e-13 0
29 61 0 1.81196e-13 0
29 62 0 3.65381e-13 0
29 64 0 4.98878e-14 0
29 66 0 1.8631e-13 0
29 67 0 4.33135e-14 0
29 68 0 4.00603e-13 0
29 68 1 2.14275e-13 0
29 69 0 2.25199e-13 0
29 72 0 7.28343e-13 0
29 74 0 9.01205e-13 0
30 59 0 7.77211e-13 0
30 60 0 4.20235e-13 0
30 61 0 5.41211e-13 0
30 62 0 7.59816e-14 0
30 63 0 3.22646e-13 0
30 65 0 9.42019e-14 0
30 69 0 5.14568e-14 0
30 69 1 7.00968e-14 0
30 71 0 2.18008e-13 0
30 71 1 3.35516e-13 0
30 72 0 4.08608e-14 0
30 73 0 3.11876e-13 0
30 75 0 5.84435e-13 0
30 76 0 3.37459e-13 0
30 77 0 7.07786e-13 0
30 78 0 6.23305e-13 0
30 80 0 6.67097e-13 0
31 62 0 7.80105e-13 0
31 63 0 5.21889e-13 0
31 64 0 8.08441e-13 0
31 65 0 3.1847e-13 0
31 66 0 5.56595e-13 0
31 67 0 3.09878e-14 0
31 68 0 2.70557e-13 0
31 70 0 1.04215e-13 0
31 72 0 5.13786e-13 0
31 73 0 1.26007e-13 0
31 74 0 6.39773e-13 0
31 74 1 5.39503e-15 0
31 76 0 7.21873e-13 0
31 78 0 8.16051e-13 0
31 79 0 7.12649e-13 0
31 80 0 9.30478e-13 0
32 65 0 6.18778e-13 0
32 66 0 1.23055e-13 0
32 67 0 4.04254e-13 0
32 68 0 1.40737e-15 0
32 69 0 1.71185e-13 0
32 71 0 1.42583e-15 0
32 71 1 3.15284e-14 0
32 73 1 1.01975e-14 0
32 75 0 7.28976e-14 0
32 75 1 2.17211e-14 0
32 77 0 2.75241e-13 0
32 77 1 1.66232e-13 0
32 78 0 8.07495e-14 0
32 79 0 3.15768e-13 0
32 79 1 3.96911e-13 0
32 80 0 1.9156e-13 0
32 81 1 6.90824e-13 0
33 67 0 5.649e-13 0
33 68 0 9.14146e-13 0
33 69 0 3.76619e-13 0
33 70 0 7.79919e-13 0
33 71 0 1.10495e-13 0
33 72 0 4.49373e-13 0
33 73 0 1.17436e-14 0
33 74 0 1.63682e-13 0
33 75 1 4.87397e-14 0
33 76 0 2.37023e-13 0
33 77 0 3.74046e-14 0
33 78 0 4.08811e-13 0
33 79 0 1.54554e-13 0
33 80 0 4.36624e-13 0
33 81 0 2.88959e-13 0
33 82 1 7.36835e-13 0
34 70 0 2.36143e-13 0
34 71 0 4.7687e-13 0
34 72 0 9.0597e-15 0
34 73 0 2.36245e-13 0
34 73 1 6.8223e-14 0
34 75 0 6.44754e-14 0
34 77 1 2.56914e-14 0
34 79 1 1.54513e-14 0
34 81 0 9.90276e-14 0
34 81 1 1.64629e-14 0
34 83 0 4.86119e-13 0
34 83 1 3.59286e-13 0
34 84 0 1.51771e-13 0
35 70 0 8.91946e-13 0
35 72 0 9.05724e-13 0
35 73 0 4.44592e-13 0
35 74 0 8.66149e-13 0
35 74 1 8.12692e-13 0
35 75 0 2.76295e-13 0
35 76 0 5.37946e-13 0
35 76 1 1.75513e-14 0
35 77 0 5.22738e-14 0
35 77 1 1.66854e-14 0
35 78 0 3.29262e-13 0
35 79 1 3.30505e-14 0
35 80 0 1.28186e-13 0
35 80 1 1.35119e-14 0
35 82 0 4.49011e-13 0
35 82 1 1.23442e-14 0
35 83 0 5.31405e-14 0
35 84 0 4.8027e-13 0
35 84 1 5.88546e-13 0
35 87 0 7.64705e-13 0
35 88 0 8.36724e-13 0
36 72 0 4.42619e-13 0
36 73 0 0.000189189 0
36 74 0 1.89483e-06 0
36 75 0 2.0788e-06 0
36 76 0 2.01233e-07 0
36 77 0 1.89628e-06 0
36 78 0 0.000189189 0
36 79 0 2.06894e-07 0
36 79 1 2.09597e-08 0
36 81 0 0.000189189 0
36 81 1 1.92618e-07 0
36 83 1 2.008e-08 0
36 85 0 2.14538e-07 2.8e-08
36 85 1 0.000189189 0
36 87 0 1.96069e-06 0
36 88 0 1.99259e-06 0
36 89 0 2.13679e-06 0
36 90 0 2.05068e-06 0
36 91 0 1.96423e-06 0
36 92 0 1.89569e-06 0
36 93 0 2.15272e-06 0
36 94 0 0.000189189 0
36 95 0 0.000189189 0
36 96 0 0.000189189 0
36 97 0 0.000189189 0
36 98 0 0.000189189 0
36 99 0 0.000189189 0
36 100 0 0.000216216 0
37 71 0 0.000216216 0
37 72 0 0.000216216 0
37 73 0 0.000216216 0
37 74 0 2.22721e-06 0
37 75 0 0.000216216 0
37 76 0 2.26082e-06 0
37 77 0 2.40594e-06 0
37 78 0 2.1951e-06 0
37 78 1 2.36731e-06 0
37 79 0 2.24614e-06 0
37 80 0 2.40775e-06 0
37 81 0 2.38278e-07 0
37 81 1 2.28106e-08 0
37 82 0 2.29512e-06 0
37 82 1 2.36877e-06 0
37 83 0 2.4183e-07 0
37 83 1 0.000216216 0
37 84 0 2.22458e-07 0
37 84 1 2.35942e-07 0
37 86 0 2.29908e-07 0
37 86 1 2.24083e-07 0
37 87 0 2.38828e-08 0
37 88 0 2.32845e-06 0
37 89 0 2.40519e-06 0
37 90 0 2.26662e-06 0
37 90 1 2.36442e-06 0
37 91 0 2.23387e-06 0
37 92 0 2.36157e-06 0
37 93 0 2.33251e-06 0
37 94 0 0.000216216 0
37 95 0 0.000216216 0
37 96 0 0.000216216 0
37 96 1 0.000216216 0
37 97 0 0.000216216 0
37 98 0 0.000216216 0
37 98 1 2.21053e-06 0
37 99 0 0.000216216 0
37 100 0 2.40283e-06 0
37 101 0 2.2372e-06 0
37 102 0 0.000216216 0
38 73 0 0.000216216 0
38 74 0 0.000216216 0
38 75 0 0.000216216 0
38 76 0 0.000216216 0
38 77 0 2.23349e-06 0
38 78 0 0.000216216 0
38 79 0 2.38745e-06 0
38 80 0 2.38584e-07 0
38 81 0 2.27064e-06 0
38 82 0 2.31924e-09 0
38 83 0 2.22634e-07 0
38 83 1 2.30439e-07 0
38 85 0 2.16732e-07 0
38 85 1 2.25949e-07 0
38 87 1 2.23984e-07 0
38 89 0 2.28679e-07 0
38 90 0 2.20517e-07 2.8e-08
38 91 0 0.000216216 0
38 92 0 2.19339e-07 0
38 93 0 2.37392e-06 0
38 94 0 2.2535e-06 0
38 95 0 2.42447e-06 0
38 96 0 2.35541e-06 0
38 97 0 0.000216216 0
38 98 0 2.36245e-06 0
38 99 0 2.33649e-06 0
38 100 0 2.25556e-06 0
38 101 0 2.34693e-06 0
38 102 0 2.3149e-06 0
38 103 0 0.000216216 0
38 104 0 0.000216216 0
38 105 0 0.000216216 0
39 77 0 0.000216216 0
39 78 0 0.000216216 0
39 79 0 0.000216216 0
39 80 0 0.000216216 0
39 81 0 2.42523e-06 0
39 82 0 0.000216216 0
39 83 0 2.34456e-06 0
39 83 1 2.32755e-07 0
39 84 0 2.20668e-06 0
39 84 1 2.163e-06 0
39 85 0 0.000216216 0
39 85 1 2.19667e-06 0
39 86 0 2.22782e-06 0
39 86 1 2.28108e-07 0
39 87 0 2.42266e-07 0
39 87 1 2.23503e-07 0
39 88 0 2.32396e-06 0
39 88 1 0.000216216 0
39 89 1 2.26465e-07 0
39 90 0 2.30492e-07 2.7e-09
39 90 1 2.17025e-07 0
39 91 0 2.32147e-07 2.4e-09
39 91 1 2.23861e-07 0
39 92 0 2.16387e-06 0
39 93 0 2.29833e-07 0
39 93 1 2.28854e-07 0
39 94 0 2.30453e-06 0
39 95 0 2.56692e-06 0
39 96 0 2.68385e-06 0
39 96 1 2.56822e-06 0
39 97 0 2.52614e-06 0
39 97 1 2.63949e-09 0
39 97 3 0.000243243 0
39 98 0 0.000243243 0
39 98 1 2.45003e-06 0
39 99 0 2.52406e-06 0
39 100 0 0.000243243 0
39 100 1 2.66169e-06 0
39 101 0 0.000243243 0
39 102 0 0.000243243 0
39 102 1 0.000243243 0
39 103 0 0.000243243 0
39 104 0 0.000243243 0
39 105 0 0.000243243 0
39 106 0 0.000243243 0
39 107 0 0.000243243 0
39 108 0 0.000243243 0
40 79 0 0.000243243 0
40 80 0 0.000243243 0
40 81 0 0.000243243 0
40 82 0 0.000243243 0
40 83 0 0.000243243 0
40 84 0 0.000243243 0
40 85 0 2.60739e-06 0
40 85 1 2.59013e-07 0
40 86 0 0.000243243 0
40 87 0 0.000243243 0
40 87 1 2.69883e-07 0
40 88 0 2.54331e-07 0
40 89 0 2.54369e-07 0
40 89 1 2.68733e-07 0
40 90 1 2.53749e-06 0
40 93 0 2.6469e-08 2.8e-10
40 94 0 0.000243243 0
40 95 0 2.44572e-07 8.8e-10
40 96 0 0.000243243 0
40 97 0 2.50771e-07 2.1e-09
40 98 0 2.53708e-07 0
40 99 0 2.56961e-06 0
40 100 0 2.56974e-07 0
40 101 0 2.59997e-06 0
40 102 0 2.51994e-06 0
40 103 0 0.000243243 0
40 104 0 0.000243243 0
40 105 0 0.000243243 0
40 106 0 0.000243243 0
40 107 0 0.000243243 0
40 108 0 0.000243243 0
40 109 0 0.000243243 0
40 110 0 0.000243243 0
41 81 0 0.000243243 0
41 82 0 2.55908e-06 0
41 83 0 0.000243243 0
41 84 0 0.000243243 0
41 85 0 0.000243243 0
41 86 0 0.000243243 0
41 86 1 0.000243243 0
41 87 0 2.64128e-06 0
41 87 1 2.66715e-06 0
41 88 0 2.50667e-06 0
41 88 1 2.49084e-06 0
41 89 0 2.55728e-06 0
41 89 1 2.59037e-06 0
41 90 0 2.62004e-06 0
41 90 1 0.000243243 0
41 90 3 0.000243243 0
41 91 0 2.47028e-09 0
41 91 1 2.53694e-08 0
41 92 0 2.4348e-06 0
41 92 1 2.64031e-07 0
41 93 1 2.62079e-08 0
41 94 0 2.43728e-06 0
41 94 1 2.62636e-08 0
41 95 0 2.64573e-07 5.8e-10
41 95 1 2.56159e-07 0
41 96 0 2.59644e-06 0
41 97 0 2.62301e-07 0
41 97 1 2.51581e-07 0
41 98 0 2.52403e-06 0
41 98 1 2.4604e-06 0
41 99 0 2.70074e-07 0
41 99 1 2.49669e-06 0
41 100 0 0.000243243 0
41 100 1 0.000243243 0
41 101 0 2.51931e-06 0
41 102 0 0.000243243 0
41 102 1 2.59062e-06 0
41 103 0 0.000243243 0
41 104 0 0.000243243 0
41 104 1 0.000243243 0
41 105 0 0.000243243 0
41 106 0 0.000243243 0
41 107 0 0.000243243 0
41 108 0 2.67676e-06 0
41 109 0 0.000243243 0
41 110 0 0.000243243 0
41 111 0 0.000243243 0
42 89 0 5.09024e-13 0
42 89 1 5.63192e-14 0
42 90 0 1.6378e-13 0
42 91 0 3.88627e-13 0
42 91 1 3.10946e-13 0
42 93 1 3.85954e-13 0
42 99 0 8.65135e-14 1.2e-09
42 102 0 5.88159e-14 0
42 104 0 1.81739e-13 0
42 105 0 3.98668e-13 0
43 88 0 9.29078e-13 0
43 88 1 1.04247e-12 0
43 90 0 8.17608e-13 0
43 90 1 9.93562e-13 0
43 92 0 8.55224e-13 0
43 93 0 2.57964e-13 0
43 93 1 1.43708e-13 0
43 94 0 4.31157e-13 0
43 94 1 4.29081e-13 0
43 95 0 1.28405e-13 0
43 95 1 1.12495e-13 0
43 96 0 4.02476e-13 0
43 96 1 1.19842e-14 0
43 97 0 2.70381e-15 0
43 97 1 1.52904e-14 0
43 98 0 2.44907e-13 0
43 99 0 1.35362e-14 7.8e-10
43 99 1 2.26609e-14 0
43 100 0 2.22991e-13 0
43 101 0 1.30703e-13 0
43 102 0 3.23743e-13 0
43 102 1 5.26565e-13 0
43 103 0 1.96474e-13 0
43 104 0 5.57408e-13 0
43 105 0 3.08157e-13 0
43 106 0 6.54438e-13 0
43 111 0 5.80089e-13 0
44 92 0 8.85038e-13 0
44 93 0 1.11073e-12 0
44 93 1 1.13978e-12 0
44 94 0 1.68163e-13 0
44 95 0 4.22192e-13 0
44 97 0 8.09581e-14 0
44 103 0 1.92012e-13 0
44 103 1 7.54941e-14 0
44 105 0 3.80057e-13 0
44 106 0 3.20959e-15 7e-09
44 107 0 4.50351e-13 0
44 109 0 8.69097e-13 0
44 110 0 3.81435e-13 0
44 113 0 9e-14 7.3e-10
44 115 0 1.83946e-13 2.6e-10
45 94 0 9.91273e-13 0
45 94 1 1.01674e-12 0
45 95 0 5.70641e-13 0
45 95 1 1.48631e-13 0
45 96 0 7.15651e-13 0
45 96 1 4.89249e-15 0
45 97 0 2.99949e-13 0
45 97 1 3.65216e-13 0
45 98 0 4.95378e-13 0
45 99 0 9.87143e-14 0
45 99 1 1.08622e-13 0
45 100 0 4.4637e-13 0
45 100 1 2.24828e-14 0
45 101 0 5.01024e-14 0
45 101 1 4.91427e-14 0
45 102 0 3.46232e-13 0
45 102 1 1.06479e-13 0
45 103 1 5.90076e-15 0
45 104 0 1.59649e-13 0
45 104 1 1.88383e-14 0
45 105 0 3.69195e-14 3.7e-10
45 105 1 2.05227e-14 0
45 106 0 2.58572e-13 0
45 106 1 5.13832e-13 0
45 107 0 1.19031e-13 0
45 108 0 3.47205e-13 0
45 108 1 5.3017e-13 0
45 110 1 5.60824e-13 0
45 112 0 5.16524e-13 0
45 112 1 6.65816e-13 0
45 114 0 3.7767e-13 0
46 95 1 3.8073e-15 0
46 96 0 2.67895e-13 0
46 97 0 4.759e-13 0
46 98 0 7.35341e-14 0
46 99 0 2.70055e-13 0
46 100 0 2.6571e-14 0
46 103 0 9.02284e-15 0
46 107 0 1.488e-15 3.7e-10
46 107 1 3.43246e-14 0
46 109 0 7.17503e-14 5.5e-10
46 109 1 3.00254e-14 0
46 111 0 1.72354e-13 0
46 111 1 7.53205e-14 0
46 113 0 2.47988e-13 0
46 113 1 1.27552e-14 0
46 114 0 8.94135e-14 0
46 115 1 1.16014e-15 0
46 116 0 1.86562e-13 0
46 117 1 3.34268e-14 0
46 118 0 3.21043e-13 0
47 98 0 9.59627e-13 0
47 99 0 5.49297e-13 0
47 99 1 8.02635e-14 0
47 101 0 3.80762e-13 0
47 102 0 6.30503e-13 0
47 102 1 6.06511e-16 0
47 103 0 1.63617e-13 0
47 104 0 4.35308e-13 0
47 104 1 4.09619e-13 0
47 105 0 8.85703e-14 0
47 105 1 3.84376e-15 0
47 106 0 1.92841e-13 0
47 106 1 4.50835e-13 0
47 107 1 1.47042e-14 0
47 108 0 1.00276e-13 0
47 109 1 1.39035e-14 0
47 110 0 1.93399e-13 0
47 110 1 4.52722e-13 2.4e-09
47 111 0 6.03941e-14 0
47 111 1 9.33689e-15 0
47 112 0 3.36414e-13 0
47 113 0 1.33259e-13 0
47 113 1 6.92462e-14 0
47 114 0 3.85289e-13 0
47 115 0 2.45122e-13 0
47 116 0 6.15468e-13 0
47 116 1 5.35432e-13 0
47 117 0 3.53157e-13 0
47 117 1 3.26284e-13 0
47 118 1 8.30097e-15 0
47 119 1 4.99111e-13 0
47 120 1 1.19756e-14 0
47 121 0 5.54586e-13 0
47 123 0 5.92014e-13 0
48 98 0 5.59943e-13 0
48 100 0 3.3807e-13 0
48 101 0 5.48759e-13 0
48 102 0 1.44177e-13 0
48 103 0 3.75049e-13 0
48 104 0 4.44989e-14 0
48 105 0 2.37923e-13 0
48 107 0 1.887e-14 0
48 109 0 1.71436e-14 0
48 111 1 6.22176e-14 0
48 113 1 2.97127e-14 0
48 115 0 1.33395e-13 0
48 115 1 1.02011e-13 0
48 117 1 3.58827e-13 0
48 118 0 2.576e-14 0
48 119 0 3.68108e-13 0
48 119 1 4.58222e-13 0
48 120 0 1.0832e-13 0
48 121 0 4.58862e-13 0
48 121 1 5.30251e-13 0
48 122 0 1.8832e-13 0
48 123 0 6.58314e-13 0
48 125 0 6.51705e-13 0
48 125 1 7.10068e-13 0
48 128 0 6.33768e-13 0
49 102 0 9.56557e-13 0
49 103 0 6.437e-13 0
49 104 1 1.17886e-14 0
49 105 0 4.61746e-13 0
49 105 1 1.06767e-13 0
49 106 0 8.06881e-13 0
49 106 1 6.99219e-13 0
49 107 0 2.9503e-13 0
49 107 1 1.08229e-13 0
49 108 0 5.8407e-13 0
49 108 1 5.09754e-13 0
49 109 0 1.06298e-13 0
49 109 1 1.03509e-13 0
49 109 3 3.36389e-13 0
49 110 0 4.94351e-13 0
49 110 1 3.557e-13 0
49 111 0 7.01762e-14 0
49 111 1 8.56116e-14 0
49 112 0 8.06522e-14 0
49 112 1 2.54784e-14 0
49 113 1 6.27522e-14 0
49 114 0 1.242e-13 0
49 114 1 3.56419e-14 0
49 114 3 7.90511e-14 0
49 115 0 2.432e-14 0
49 115 1 5.379e-14 0
49 116 0 2.21189e-13 0
49 116 1 4.43849e-13 0
49 117 0 1.53323e-13 0
49 117 1 2.36917e-14 0
49 118 0 3.13176e-13 0
49 118 1 5.3937e-13 0
49 118 3 7.52541e-15 0
49 119 1 1.81995e-13 0
49 120 0 4.00078e-13 0
49 120 1 1.3487e-12 0
49 121 0 3.05535e-13 0
49 121 1 2.53202e-13 0
49 122 0 5.06257e-13 0
49 122 1 7.03711e-13 0
49 122 3 7.77716e-13 0
49 124 0 7.54914e-13 0
49 124 1 8.24654e-13 0
49 125 0 4.82551e-13 0
49 126 0 9.74976e-13 0
49 127 1 4.63595e-13 0
49 129 0 7.18505e-13 0
49 129 1 6.14119e-13 0
49 130 1 1.01223e-12 0
49 131 0 9.47932e-13 0
49 131 1 6.83927e-13 0
49 131 3 1.44103e-12 0
49 132 0 1.54844e-12 0
50 104 0 4.448e-13 0
50 106 0 4.01551e-13 0
50 108 0 1.11859e-13 0
50 109 0 3.86284e-13 0
50 110 0 4.88457e-14 0
50 111 0 1.11236e-13 0
50 113 0 6.73305e-14 0
50 113 1 1.13752e-14 0
50 117 1 5.00792e-14 0
50 119 1 1.37559e-14 0
50 121 0 1.8496e-14 0
50 121 1 6.19819e-15 0
50 123 0 8.48095e-14 0
50 123 1 9.91157e-14 0
50 125 0 1.81815e-13 0
50 125 1 1.84364e-13 0
50 126 0 2.86757e-14 4.7e-09
50 127 0 3.97197e-13 0
50 127 1 2.30587e-13 0
50 128 0 1.36574e-13 0
50 128 1 3.34395e-13 0
50 129 0 3.68435e-13 0
50 129 1 4.46257e-13 0
50 130 0 2.22033e-13 0
50 130 1 3.61719e-13 0
50 132 0 3.22489e-13 0
50 133 0 5.86889e-13 0
51 109 0 5.98127e-13 0
51 110 0 9.04249e-13 0
51 111 0 4.52565e-13 0
51 112 0 7.21343e-13 0
51 113 0 3.25711e-13 0
51 114 0 6.026e-13 0
51 115 0 1.79242e-13 0
51 116 0 4.49797e-13 0
51 116 1 5.43446e-13 0
51 117 0 3.40205e-14 0
51 118 0 2.68375e-13 0
51 118 1 4.21708e-13 0
51 119 0 7.28562e-15 0
51 120 0 1.21399e-13 0
51 120 1 4.01297e-13 0
51 122 0 1.61172e-13 0
51 122 1 2.49958e-14 0
51 124 0 3.57662e-13 0
51 124 1 8.92992e-14 0
51 124 3 3.92227e-15 0
51 125 0 8.59222e-14 1.1e-09
51 126 0 4.98851e-13 0
51 126 1 3.52046e-13 0
51 127 0 1.60791e-13 0
51 128 0 5.64143e-13 0
51 128 1 4.51449e-13 0
51 129 0 2.89835e-13 0
51 130 0 6.09792e-13 0
51 131 0 3.8253e-13 0
51 133 0 4.54935e-13 0
51 134 0 6.11419e-13 0
51 134 1 7.88884e-13 0
52 107 0 8.66968e-13 0
52 108 0 5.20262e-13 0
52 110 0 5.62586e-18 0
52 113 0 1.14033e-12 0
52 114 0 4.05084e-13 0
52 115 0 9.33173e-13 0
52 115 1 8.28851e-13 0
52 116 0 5.22881e-14 0
52 117 0 5.60789e-13 0
52 118 0 7.85405e-15 0
52 119 0 2.49218e-13 0
52 119 1 4.84754e-13 0
52 121 0 1.87392e-13 0
52 121 1 9.42973e-14 0
52 123 1 7.96089e-14 0
52 125 1 4.431e-14 0
52 127 0 7.34284e-14 0
52 127 1 2.94484e-14 0
52 129 0 1.93641e-13 0
52 129 1 2.10094e-14 0
52 131 0 3.62103e-13 0
52 132 0 1.06019e-13 3.7e-09
52 133 0 6.07051e-13 0
52 133 1 7.03476e-13 0
52 134 0 3.50008e-13 0
52 135 0 8.93411e-13 0
52 136 0 1.05081e-12 0
53 110 0 9.36768e-14 0
53 111 0 4.43803e-16 0
53 112 0 5.52959e-18 0
53 114 1 7.98024e-13 0
53 116 0 6.39286e-13 0
53 117 0 3.66859e-13 0
53 118 0 6.51305e-13 0
53 118 1 7.75922e-13 0
53 119 0 2.17562e-13 0
53 120 0 5.23924e-13 0
53 121 0 7.4237e-14 0
53 122 0 3.30716e-13 0
53 123 0 3.18249e-14 0
53 124 0 2.08854e-13 0
53 125 0 9.30373e-15 0
53 126 0 9.52446e-14 0
53 128 0 1.30076e-13 0
53 129 0 1.25104e-14 1.1e-07
53 130 0 3.8627e-13 2e-09
53 130 1 4.52486e-14 0
53 131 0 9.20241e-14 2.2e-08
53 132 0 4.41127e-13 2.9e-10
53 132 1 7.57581e-14 0
53 133 0 1.63276e-13 4.3e-09
53 133 1 2.60828e-13 0
53 134 0 5.06951e-13 0
53 134 1 6.01965e-14 0
53 135 0 6.13689e-13 9.3e-10
53 136 0 6.94335e-13 0
53 136 1 7.72797e-13 0
54 112 0 4.11008e-15 0
54 120 0 7.59876e-14 0
54 121 0 3.10835e-13 0
54 122 0 1.2208e-14 0
54 123 0 1.31026e-13 0
54 125 0 4.868e-14 0
54 125 1 3.8717e-14 0
54 127 0 4.9683e-14 0
54 127 1 4.60362e-14 0
54 131 1 2.56764e-14 0
54 132 1 4.404e-13 0
54 133 0 2.93095e-14 0
54 133 1 3.70165e-14 0
54 134 1 3.14978e-13 0
54 135 0 9.08632e-14 0
54 135 1 8.37089e-14 0
54 137 0 3.03041e-13 0
54 138 0 2.82546e-13 0
54 139 0 4.44865e-13 0
54 140 0 3.55346e-13 0
55 114 0 9.32832e-17 0
55 121 0 4.50327e-13 0
55 121 1 3.92568e-13 0
55 122 0 6.23943e-13 0
55 122 3 1.65688e-14 0
55 123 0 3.2907e-13 0
55 123 1 2.50614e-14 0
55 124 0 5.13416e-13 0
55 124 1 7.69957e-14 0
55 126 0 3.93332e-13 0
55 127 0 7.33746e-14 0
55 128 0 2.8273e-13 0
55 129 0 4.70984e-14 0
55 130 0 1.42275e-13 0
55 130 1 2.53171e-14 0
55 131 0 4.39865e-15 0
55 132 0 1.16284e-13 0
55 134 0 2.74865e-13 1.9e-08
55 134 1 2.10472e-14 0
55 135 0 1.43189e-14 2e-09
55 135 1 2.61318e-13 0
55 136 0 3.64127e-13 0
55 137 0 1.30125e-13 1.3e-08
55 138 0 5.75808e-13 0
55 138 1 1.19069e-13 0
55 139 0 3.14859e-13 0
55 140 0 5.90841e-13 0
55 141 0 4.32768e-13 0
55 142 0 5.69841e-13 0
56 124 0 1.38769e-13 0
56 126 0 9.36646e-14 0
56 127 0 2.09231e-13 0
56 127 1 1.52503e-14 0
56 128 0 1.16419e-14 0
56 131 0 8.52405e-14 4.5e-10
56 131 1 3.03046e-14 0
56 133 0 7.27965e-14 1e-09
56 133 1 4.63276e-14 0
56 135 1 4.26292e-14 4.5e-10
56 136 1 3.24519e-13 0
56 137 1 1.05823e-13 0
56 139 0 1.51471e-13 1.2e-10
56 140 0 7.97114e-14 2.5e-09
56 141 0 2.90643e-13 7e-11
56 142 0 2.312e-13 3.5e-11
56 143 0 3.75665e-13 0
56 145 0 5.19146e-13 0
56 147 0 4.69522e-13 0
57 128 0 1.27548e-12 0
57 129 0 4.93427e-13 0
57 129 1 5.24803e-14 0
57 130 0 1.05941e-12 0
57 131 0 2.69095e-13 0
57 132 0 8.33678e-13 0
57 132 1 2.65918e-13 0
57 133 0 5.04168e-14 0
57 134 0 4.76368e-13 0
57 135 0 1.28977e-14 0
57 136 0 2.29055e-13 0
57 137 0 9.54862e-15 0
57 138 0 4.03841e-13 0
57 140 0 9.09951e-13 0
57 141 0 3.16573e-13 0
57 142 0 1.02216e-12 0
57 144 0 1.17918e-12 0
57 146 0 1.13292e-12 0
57 147 0 7.6547e-13 0
57 149 0 8.42703e-13 0
58 130 0 7.30676e-14 0
58 132 0 4.58362e-14 0
58 133 0 1.28603e-13 0
58 134 0 5.21135e-15 0
58 135 0 1.35745e-13 0
58 135 1 7.11157e-14 0
58 137 0 7.99111e-15 0
58 137 1 4.12568e-14 0
58 138 1 3.40951e-13 0
58 139 0 3.06941e-14 0
58 139 1 1.19465e-13 0
58 141 0 3.95092e-14 0
58 143 0 1.13463e-13 1.1e-09
58 144 0 1.77646e-14 5.2e-09
58 145 0 2.23759e-13 0
58 146 0 8.13743e-14 0
58 147 0 2.73459e-13 0
59 131 1 2.28737e-14 0
59 134 0 5.98895e-13 0
59 134 1 6.08011e-13 0
59 136 0 4.50605e-13 0
59 137 0 8.90132e-14 0
59 138 0 3.16108e-13 0
59 138 1 4.26386e-13 0
59 139 0 2.80116e-14 0
59 140 0 1.74529e-13 0
59 142 0 1.38838e-13 0
59 143 0 5.04127e-14 1.2e-09
59 144 0 1.97983e-13 0
59 145 0 1.11002e-13 0
59 146 0 3.68824e-13 0
59 147 0 2.46358e-13 0
59 148 0 4.17692e-13 0
59 148 1 4.09762e-13 0
59 150 0 3.97189e-13 0
60 132 0 4.74127e-13 0
60 134 0 2.23167e-13 0
60 135 0 7.07714e-13 0
60 136 0 1.18793e-13 0
60 137 0 4.55468e-13 0
60 137 1 1.63939e-13 0
60 138 0 1.57129e-14 0
60 139 0 2.02028e-13 0
60 139 1 5.24522e-13 0
60 140 0 1.05453e-14 0
60 141 0 2.8383e-14 0
60 141 1 2.79611e-13 0
60 147 0 1.31602e-13 1.1e-09
60 149 0 2.88346e-13 0
60 151 0 4.65084e-13 0
60 152 0 1.58154e-13 0
60 153 0 4.55968e-13 0
60 154 0 4.23819e-13 0
61 134 0 8.00292e-13 0
61 134 1 8.25532e-13 0
61 137 1 4.34478e-13 0
61 139 0 3.21189e-13 0
61 139 1 2.97795e-14 0
61 140 0 4.79108e-13 0
61 140 1 6.30905e-13 0
61 141 0 2.20716e-13 0
61 142 0 3.57865e-13 0
61 143 0 5.13714e-14 0
61 144 0 2.5182e-13 0
61 145 0 6.85192e-15 0
61 146 0 1.34652e-13 0
61 147 0 9.90914e-15 0
61 148 0 2.08528e-13 0
61 148 1 3.4547e-13 0
61 149 0 6.03514e-14 9.9e-10
61 150 0 3.50032e-13 0
61 151 0 1.01038e-13 0
61 152 0 2.57911e-13 0
61 152 1 3.82905e-13 0
61 153 0 1.21462e-13 0
61 154 0 4.02568e-13 0
61 156 0 4.95176e-13 0
62 136 0 3.10211e-13 0
62 139 0 4.08143e-13 0
62 139 1 7.05176e-14 0
62 140 0 1.09848e-13 0
62 141 0 3.31308e-13 0
62 141 1 8.58276e-17 0
62 142 0 1.94043e-14 0
62 143 0 1.58411e-13 0
62 143 1 1.19988e-13 0
62 145 0 1.42269e-14 0
62 146 0 3.936e-13 0
62 147 0 3.59616e-13 0
62 151 0 3.16749e-15 9.8e-11
62 153 0 5.25986e-14 0
62 153 1 1.37722e-14 0
62 155 0 1.07299e-13 0
62 156 0 5.13162e-14 0
62 157 0 2.02475e-13 0
62 159 0 2.93968e-13 0
63 140 0 7.07678e-13 0
63 141 0 4.66986e-13 0
63 141 1 7.44814e-14 0
63 142 0 6.31514e-13 0
63 142 1 8.3063e-13 0
63 143 0 3.83135e-13 0
63 144 0 5.03473e-13 0
63 145 0 2.08579e-13 0
63 146 0 3.87597e-13 0
63 147 0 7.59141e-14 0
63 148 0 3.59968e-13 0
63 149 0 1.3449e-14 0
63 150 0 2.5122e-13 0
63 150 1 8.77246e-15 0
63 152 0 2.07506e-13 0
63 152 1 1.29843e-13 0
63 152 3 2.12305e-14 0
63 154 0 2.43248e-13 2e-09
63 154 1 2.38009e-14 0
63 155 0 1.99026e-14 3.2e-10
63 156 0 2.7012e-13 0
63 157 0 1.09279e-13 0
63 158 0 3.45208e-13 0
63 159 0 1.90021e-13 0
64 140 0 3.82557e-13 0
64 141 0 5.885e-13 0
64 141 1 5.59135e-13 0
64 143 0 4.853e-13 0
64 143 1 5.35084e-13 0
64 145 0 4.43357e-13 0
64 145 1 1.38865e-13 0
64 146 0 5.9463e-14 0
64 147 0 2.16288e-13 0
64 148 0 5.0923e-13 0
64 149 0 9.48703e-14 0
64 150 0 4.36159e-13 0
64 151 0 1.65278e-14 0
64 152 0 3.43441e-13 0
64 153 0 2.30542e-14 0
64 155 1 1.80438e-14 0
64 159 0 5.84159e-14 0
64 161 0 1.56571e-13 0
64 162 0 1.20815e-13 0
65 141 0 6.68405e-13 0
65 144 1 4.17435e-14 0
65 147 0 4.05446e-13 0
65 147 1 3.53519e-13 0
65 148 0 4.85938e-13 0
65 148 1 5.58522e-13 0
65 149 0 3.36659e-13 0
65 149 1 1.94894e-13 0
65 150 0 4.34381e-13 0
65 151 0 1.6971e-13 0
65 151 1 2.39402e-14 0
65 152 0 2.56371e-13 0
65 152 1 1.43185e-13 0
65 153 0 6.29732e-14 0
65 154 0 3.65592e-13 0
65 155 0 3.4267e-14 0
65 156 1 7.69735e-15 0
65 158 0 1.43989e-13 0
65 158 1 1.68873e-14 0
65 160 0 2.20733e-13 0
65 161 0 3.73284e-14 0
65 162 0 2.61233e-13 0
65 163 0 1.83348e-13 0
65 165 0 2.48371e-13 0
66 145 1 6.0077e-13 0
66 147 1 3.71662e-14 0
66 148 0 1.18788e-13 0
66 149 0 2.7407e-13 0
66 149 1 4.05973e-13 0
66 150 0 2.68814e-13 0
66 151 0 2.66992e-13 0
66 152 0 4.79514e-14 0
66 153 0 1.26582e-13 0
66 154 0 4.592e-13 0
66 155 0 1.00471e-13 0
66 157 0 5.70105e-14 0
66 157 1 3.10949e-14 0
66 159 0 8.68105e-15 0
66 165 0 7.61754e-14 0
66 165 1 1.92889e-14 0
66 166 0 3.3477e-14 0
66 167 0 1.96816e-13 0
66 169 0 2.35865e-13 0
67 148 0 7.81246e-13 0
67 149 1 5.29792e-13 0
67 150 1 7.582e-13 0
67 151 0 3.18486e-13 0
67 151 1 1.18314e-12 0
67 152 0 8.45338e-14 0
67 152 1 6.22541e-13 0
67 153 0 2.31752e-13 0
67 153 1 1.15517e-15 0
67 154 0 1.19685e-16 0
67 154 1 5.95359e-18 0
67 156 1 7.86108e-15 0
67 157 0 9.60054e-14 0
67 158 1 9.02327e-15 0
67 159 0 6.88408e-14 0
67 159 1 3.25595e-14 0
67 160 1 6.62414e-15 0
67 161 0 1.35719e-14 0
67 162 0 3.44776e-14 0
67 162 1 8.78759e-15 0
67 163 1 4.79257e-14 0
67 164 0 2.78403e-14 0
67 164 1 2.01978e-14 0
67 166 0 2.31668e-13 0
67 166 1 8.39881e-13 0
67 167 0 9.53662e-14 0
67 168 0 2.66287e-13 0
67 168 1 1.21686e-15 0
68 149 1 4.30538e-15 0
68 151 0 4.00735e-13 0
68 151 1 3.77397e-13 0
68 152 0 7.08938e-13 0
68 153 0 5.26551e-13 0
68 154 0 2.02697e-14 0
68 155 0 1.41222e-16 0
68 156 0 2.08447e-14 0
68 158 0 4.0563e-14 0
68 159 0 1.28482e-13 0
68 160 0 1.38406e-14 0
68 161 0 1.61619e-13 0
68 163 0 7.15378e-15 0
68 165 0 6.76514e-15 0
68 167 1 3.29778e-14 0
68 169 0 1.64338e-14 0
68 171 0 1.25982e-13 0
68 172 0 1.00279e-13 0
68 173 0 2.38771e-13 0
68 174 0 1.46636e-13 0
68 175 0 3.13449e-13 0
69 151 0 6.74911e-13 0
69 151 1 7.00797e-13 0
69 153 0 7.88214e-13 0
69 153 1 7.50176e-13 0
69 154 0 3.48903e-13 0
69 154 1 7.24465e-13 0
69 156 0 4.33357e-16 0
69 158 0 5.02057e-13 0
69 160 1 8.65778e-15 0
69 162 1 2.35248e-14 0
69 163 0 2.15225e-13 0
69 164 0 2.02972e-13 0
69 164 1 6.60446e-14 0
69 166 0 3.29927e-13 0
69 167 0 4.33346e-14 0
69 168 0 2.11175e-13 0
69 170 0 5.30714e-14 0
69 171 0 4.16889e-15 0
69 172 0 1.60329e-13 0
69 173 0 1.11703e-13 0
69 174 0 3.66484e-13 0
69 176 0 4.08759e-13 0
70 152 0 3.79181e-13 0
70 154 0 7.84708e-13 0
70 155 0 7.40481e-13 0
70 156 0 7.49919e-14 0
70 157 0 3.60319e-15 0
70 158 0 1.36584e-17 0
70 160 0 5.00597e-14 0
70 162 0 4.33908e-14 0
70 163 0 1.92481e-13 0
70 164 0 9.19257e-15 0
70 165 0 7.22505e-14 0
70 166 0 1.94612e-14 0
70 167 0 5.43273e-14 0
70 169 0 6.79732e-14 0
70 169 1 3.29184e-15 0
70 175 0 3.2037e-14 0
70 176 1 1.63883e-13 0
70 177 0 9.99462e-14 0
70 177 1 5.23927e-14 0
70 179 0 2.54195e-13 0
70 180 0 2.45169e-13 0
71 156 0 8.28857e-13 0
71 157 1 4.79616e-14 0
71 158 0 6.79805e-15 0
71 166 0 4.33254e-13 0
71 166 1 2.05761e-15 0
71 167 0 2.14897e-13 0
71 168 1 3.79857e-13 0
71 169 0 1.91315e-13 0
71 169 1 4.02273e-15 0
71 170 0 4.09489e-13 0
71 170 1 1.27632e-14 0
71 171 0 1.16561e-13 0
71 171 1 1.0772e-14 0
71 172 0 3.29562e-13 0
71 172 1 5.61862e-15 0
71 173 0 3.62619e-14 0
71 174 1 2.65642e-14 0
71 176 1 7.15492e-14 0
71 177 0 2.89595e-14 0
71 177 1 2.02034e-13 0
71 178 0 1.40649e-13 0
71 178 1 2.44698e-13 0
71 179 0 8.32211e-14 0
71 180 0 3.27278e-13 0
72 156 0 9.11489e-13 0
72 158 0 3.70868e-13 0
72 160 0 5.35359e-15 0
72 161 0 2.13394e-15 0
72 166 0 3.96857e-14 0
72 171 1 6.38603e-21 0
72 172 0 3.38059e-14 0
72 173 0 7.03762e-14 0
72 175 0 6.29119e-14 0
72 177 1 2.08247e-13 0
72 178 1 1.81892e-13 0
72 178 3 3.9e-13 0
72 179 1 5.94265e-14 0
72 179 3 1.75374e-13 0
72 180 1 1.77389e-13 0
72 181 0 1.17128e-13 0
72 182 1 1.81301e-13 0
72 183 0 1.89217e-13 0
72 184 0 1.11534e-13 0
73 157 0 9.94241e-13 0
73 157 1 1.23904e-12 0
73 159 0 3.00178e-13 0
73 159 1 4.928e-13 0
73 160 1 2.94414e-13 0
73 161 0 4.11841e-14 0
73 162 0 5.78146e-16 0
73 164 0 6.9687e-13 0
73 166 0 6.17627e-13 0
73 168 0 5.17516e-13 0
73 170 0 4.24427e-13 0
73 172 0 3.43343e-13 0
73 173 0 8.62092e-14 0
73 174 0 1.93127e-13 0
73 175 0 1.62804e-13 0
73 176 0 3.49984e-13 0
73 177 0 2.56404e-14 0
73 178 0 2.43318e-14 0
73 178 1 2.08863e-13 0
73 180 0 1.57232e-14 0
73 182 0 2.40402e-13 0
73 182 1 1.3463e-15 0
73 182 3 8.26908e-14 0
73 183 0 1.0193e-13 0
73 184 0 3.38186e-13 0
73 185 0 1.39404e-13 0
73 186 0 3.89343e-13 0
74 159 0 1.0072e-12 0
74 160 0 8.22951e-13 0
74 161 0 7.94778e-13 0
74 162 0 4.00365e-13 0
74 165 0 1.57088e-15 0
74 166 0 1.80945e-13 0
74 177 0 1.43695e-13 0
74 178 0 3.19954e-15 0
74 179 0 1.06351e-14 0
74 179 1 3.49184e-14 0
74 181 0 7.18089e-15 0
74 183 1 4.71276e-14 0
74 185 0 2.03146e-14 0
74 185 1 3.05719e-14 0
74 187 0 1.30822e-13 0
74 188 0 1.62389e-14 0
74 190 0 9.85892e-14 0
75 160 0 9.41759e-14 0
75 161 1 9.55046e-13 0
75 162 0 9.44549e-13 0
75 162 1 8.90927e-13 0
75 165 1 1.14649e-13 0
75 170 0 7.55332e-13 0
75 171 0 3.42103e-13 0
75 176 0 3.62749e-13 0
75 178 0 2.86432e-13 0
75 179 0 1.68084e-13 0
75 180 0 2.04773e-13 0
75 181 0 1.45462e-13 0
75 182 0 3.17457e-13 0
75 182 1 2.05751e-13 0
75 183 0 4.03573e-14 0
75 183 1 3.00373e-13 0
75 184 0 1.50639e-13 0
75 184 1 8.18332e-14 0
75 186 0 5.70411e-14 0
75 186 1 2.03591e-14 0
75 187 0 9.88319e-17 0
75 188 0 1.34227e-13 0
75 188 1 2.55286e-14 0
75 189 0 6.18173e-14 0
75 190 0 3.26522e-13 0
75 190 1 1.99754e-13 0
76 165 0 7.91424e-13 0
76 166 0 2.87665e-13 0
76 169 0 1.15761e-13 0
76 170 0 7.95924e-14 0
76 171 0 5.01386e-13 0
76 173 0 1.65951e-16 0
76 174 0 1.5232e-16 0
76 182 0 7.64781e-14 0
76 183 0 1.10849e-13 0
76 183 1 1.60802e-13 0
76 185 0 1.12388e-13 0
76 189 1 1.52325e-20 0
76 190 1 2.71319e-13 0
76 191 0 3.19954e-14 0
76 192 1 2.81611e-13 0
76 193 0 7.01541e-14 0
76 194 0 2.99943e-15 0
77 165 1 1.39672e-13 0
77 166 0 9.76427e-13 0
77 166 1 1.03071e-12 0
77 172 0 1.7632e-14 0
77 172 1 2.1447e-13 0
77 173 1 1.04038e-13 0
77 174 0 4.41281e-15 0
77 174 1 2.26804e-14 0
77 175 0 7.76592e-15 0
77 176 0 1.71965e-14 0
77 177 0 3.13565e-13 0
77 183 0 1.65161e-13 0
77 186 1 1.65266e-13 0
77 187 0 5.30005e-14 0
77 188 0 3.32819e-13 0
77 189 0 1.89538e-14 0
77 190 0 2.49557e-13 0
77 190 3 2.61304e-13 0
77 191 1 2.59954e-14 0
77 192 0 1.65289e-13 0
77 192 1 8.31951e-15 0
77 192 3 1.92649e-14 0
77 193 1 1.208e-14 0
77 194 0 1.43272e-13 0
77 194 1 2.17466e-14 0
77 195 0 6.92859e-14 0
77 195 1 1.16408e-13 0
77 196 0 2.21359e-13 0
78 168 0 1.08547e-12 0
78 170 0 1.02679e-12 0
78 171 0 1.01183e-12 0
78 174 0 7.18705e-13 0
78 175 0 6.04157e-13 0
78 176 0 3.69076e-13 0
78 178 0 3.68016e-14 0
78 179 0 3.45589e-13 0
78 181 0 5.94265e-16 0
78 183 0 7.24838e-17 0
78 184 0 1.37678e-13 0
78 184 1 2.72646e-13 0
78 186 0 1.1371e-13 0
78 188 0 4.46351e-14 0
78 189 0 8.9697e-14 0
78 190 0 5.08e-13 0
78 193 0 8.36876e-16 0
78 193 1 2.26253e-14 0
78 195 1 3.91049e-14 0
78 197 0 4.42605e-14 0
78 197 1 6.033e-14 0
78 199 0 1.15391e-13 0
78 199 1 6.67581e-14 0
79 171 1 6.04454e-13 0
79 174 0 9.42768e-13 0
79 176 0 9.98335e-13 0
79 182 0 3.25462e-16 0
79 183 0 3.47535e-13 0
79 185 0 2.11229e-15 0
79 186 0 3.96689e-13 0
79 187 0 2.1925e-13 0
79 187 1 1.53487e-14 0
79 190 0 3.65776e-13 0
79 191 0 9.08181e-14 0
79 191 1 4.16846e-14 0
79 192 0 2.90005e-13 0
79 193 0 3.30432e-14 0
79 193 1 4.48649e-14 0
79 194 0 1.73436e-13 0
79 194 1 1.36918e-14 0
79 195 0 2.00578e-14 0
79 195 1 4.98481e-14 0
79 196 0 8.06273e-14 0
79 196 1 1.27065e-14 0
79 196 3 9.2263e-14 0
79 197 1 6.397e-14 0
79 198 0 1.16876e-13 0
79 198 1 1.2693e-13 0
79 199 0 3.36043e-14 0
79 200 0 1.60717e-13 0
79 200 1 3.85165e-13 0
79 202 0 1.99583e-13 0
79 205 0 2.48613e-13 0
80 177 0 8.94743e-13 0
80 180 0 4.69549e-13 0
80 182 0 1.41916e-13 0
80 183 0 1.14062e-13 0
80 184 0 1.11292e-14 0
80 185 0 5.45984e-14 0
80 185 1 7.03822e-15 0
80 186 0 9.32532e-14 0
80 187 0 7.08927e-24 0
80 188 0 3.43511e-14 0
80 190 0 3.71154e-14 0
80 191 1 1.9283e-13 0
80 192 0 5.21592e-14 0
80 193 0 1.41802e-13 0
80 193 1 2.10524e-17 0
80 194 0 9.00524e-16 0
80 195 1 5.36714e-14 0
80 197 1 4.23851e-14 0
80 199 1 8.34662e-14 0
80 203 0 5.32251e-14 0
80 205 0 8.71943e-14 0
80 205 1 2.36645e-13 0
80 206 0 8.41689e-14 0
81 177 0 8.06738e-13 0
81 179 0 1.05072e-12 0
81 186 1 5.52959e-17 0
81 187 1 6.20032e-17 0
81 194 0 6.75684e-13 0
81 195 0 2.08378e-13 0
81 195 1 7.61573e-14 0
81 196 0 2.6444e-13 0
81 196 1 3.25286e-13 0
81 197 0 8.0633e-14 0
81 197 1 9.66178e-14 0
81 198 0 3.23624e-13 0
81 198 1 2.16235e-13 0
81 199 0 4.83584e-14 0
81 199 1 1.20081e-13 0
81 200 0 2.1625e-13 0
81 200 1 1.19646e-13 0
81 201 0 1.74078e-14 0
81 201 1 1.46415e-13 0
81 202 0 7.72643e-14 0
81 204 0 3.81341e-14 0
81 206 0 8.63503e-14 0
81 206 1 4.22095e-13 0
81 207 0 7.96316e-14 0
81 208 0 6.36197e-13 0
81 209 0 4.51741e-13 0
81 210 0 5.9827e-13 0
82 181 0 1.1304e-12 0
82 186 0 5.48527e-13 0
82 187 0 6.84724e-14 0
82 187 1 1.16678e-13 0
82 188 0 2.42849e-13 0
82 190 0 3.57511e-15 0
82 191 0 1.10032e-16 0
82 193 1 2.47305e-13 0
82 195 0 2.87068e-13 0
82 196 0 9.51124e-14 0
82 197 0 2.37359e-13 0
82 197 1 9.36805e-15 0
82 198 0 8.09457e-14 0
82 199 0 1.70293e-13 0
82 200 0 4.75789e-14 0
82 201 0 1.29168e-13 0
82 202 0 4.91078e-15 0
82 202 1 3.33308e-13 0
82 203 0 5.98238e-14 0
82 203 1 1.29791e-13 0
82 203 3 4.76619e-13 0
82 204 1 3.44562e-13 0
82 205 1 1.62376e-13 0
82 209 0 3.16e-14 5.7e-11
82 210 0 6.05792e-15 6.8e-07
82 211 0 8.21592e-14 1.8e-10
82 212 0 5.0617e-14 5.9e-09
82 214 0 8.48349e-14 1.4e-10
83 190 0 7.25841e-13 0
83 191 1 7.47565e-13 0
83 192 0 1.19949e-13 0
83 192 1 9.63495e-14 0
83 193 0 3.35724e-14 0
83 193 1 9.324e-13 0
83 194 0 4.17978e-15 0
83 194 3 1.76724e-15 0
83 195 0 2.58824e-16 0
83 195 1 3.22859e-13 0
83 196 0 5.35632e-13 0
83 196 3 4.60681e-13 0
83 197 1 5.54495e-13 0
83 199 1 8.77441e-17 0
83 200 0 4.01003e-13 0
83 201 1 2.5152e-15 0
83 202 0 4.1737e-13 0
83 203 0 3.72641e-13 0
83 203 1 1.75189e-13 0
83 204 0 5.17262e-13 0
83 204 3 4.74157e-13 0
83 205 0 2.73484e-13 0
83 206 0 5.43592e-13 0
83 208 0 4.23608e-13 0
83 208 1 2.52189e-13 0
83 210 0 6.22411e-14 1.3e-09
83 210 1 8.34959e-13 0
83 211 0 1.05755e-12 0
83 212 0 4.45319e-13 2.6e-10
83 212 1 6.69524e-13 0
83 213 0 1.10395e-13 2e-10
83 214 0 3.40846e-13 1.1e-10
84 191 0 1.15475e-12 0
84 192 0 1.13807e-12 0
84 193 0 1.11109e-12 0
84 193 1 1.11728e-12 0
84 194 0 1.02042e-12 0
84 195 0 7.92719e-13 0
84 195 1 9.66397e-13 0
84 196 0 9.80843e-13 0
84 197 0 4.42184e-13 0
84 198 0 5.63805e-13 0
84 199 0 1.14278e-13 0
84 199 1 3.79027e-13 0
84 200 0 1.04107e-13 0
84 201 0 1.48352e-14 0
84 201 1 2.68471e-14 0
84 202 0 1.71666e-14 0
84 203 0 2.53065e-13 0
84 204 0 2.12258e-13 0
84 206 0 2.49809e-13 0
84 207 0 2.10614e-13 0
84 207 1 2.17772e-13 0
84 208 0 8.18357e-13 0
84 209 0 7.76186e-13 0
84 210 0 8.48703e-13 2.4e-07
84 211 0 1.19201e-12 0
84 212 0 1.40558e-12 0
84 212 3 1.86167e-12 0
84 213 0 1.34021e-12 0
84 214 0 1.22989e-12 0
84 215 0 1.18275e-12 0
84 216 0 1.08453e-12 0
84 217 0 9.93624e-13 0
84 218 0 9.60173e-13 0
85 195 0 1.1002e-12 0
85 196 0 1.07236e-12 0
85 198 0 1.05142e-12 0
85 199 0 9.56592e-13 0
85 200 0 5.89573e-13 0
85 200 1 4.56646e-13 0
85 200 3 1.14138e-13 0
85 201 0 5.98684e-13 0
85 202 0 2.65169e-13 0
85 202 3 9.56468e-16 0
85 203 0 2.62958e-13 0
85 204 0 4.49995e-13 0
85 204 1 8.73903e-14 0
85 205 0 9.44319e-14 0
85 206 0 4.44786e-13 0
85 207 0 3.96249e-13 0
85 208 0 4.93211e-15 0
85 209 0 4.12562e-13 0
85 210 0 4.85795e-13 0
85 211 0 3.926e-13 0
85 212 0 1.22402e-12 0
85 212 1 1.26022e-12 0
85 213 0 1.4528e-12 0
85 214 0 1.41037e-12 0
85 215 0 1.28413e-12 0
85 216 0 1.25096e-12 0
85 217 0 1.13017e-12 0
85 220 0 3.24905e-13 0
86 197 0 1.1616e-12 0
86 197 1 1.17712e-12 0
86 201 0 8.60368e-13 0
86 201 1 9.75311e-13 0
86 202 0 9.56103e-13 0
86 203 0 6.82984e-13 0
86 203 1 8.17478e-13 0
86 205 0 2.4647e-13 0
86 206 0 6.30978e-13 0
86 207 0 2.07554e-13 0
86 208 0 6.09351e-13 0
86 209 0 3.40519e-13 0
86 210 0 9.38627e-13 0
86 211 0 5.62438e-13 0
86 212 0 1.00219e-12 0
86 213 0 1.29322e-12 0
86 215 0 1.38784e-12 0
86 217 0 1.23856e-12 0
86 218 0 1.14064e-12 0
86 219 0 1.09113e-12 0
86 220 0 1.00609e-12 0
86 221 0 2.5401e-13 0
86 222 0 8.78303e-13 0
86 223 0 1.35461e-13 0
86 225 0 2.21119e-13 0
87 202 1 2.24636e-12 0
87 203 0 1.08391e-12 0
87 205 0 1.1064e-12 0
87 206 0 1.82542e-12 0
87 206 3 5.93946e-14 0
87 207 0 1.02858e-12 0
87 208 0 9.56303e-13 0
87 209 0 9.46389e-13 0
87 210 0 7.44408e-13 0
87 211 0 8.36351e-13 0
87 212 0 6.26768e-13 0
87 213 0 1.07804e-12 0
87 214 0 1.34718e-12 0
87 214 1 1.36024e-12 0
87 215 0 1.4976e-12 0
87 216 0 1.37852e-12 0
87 218 0 1.25489e-12 0
87 218 1 1.20427e-12 0
87 219 0 1.16976e-12 0
87 220 0 1.04869e-12 0
87 221 0 1.02301e-12 0
87 222 0 1.42798e-13 0
87 223 0 6.86849e-14 2.3e-09
87 224 0 2.25876e-13 0
87 226 0 2.65009e-13 0
87 227 0 1.92574e-13 0
87 228 0 3.376e-13 0
87 230 0 4.14862e-13 0
87 231 0 2.918e-13 0
88 206 0 1.16304e-12 0
88 207 1 2.92919e-13 0
88 209 0 1.11998e-12 0
88 210 0 1.12287e-12 0
88 211 0 1.02821e-12 0
88 212 0 9.38765e-13 0
88 213 0 8.62735e-13 0
88 213 1 2.91043e-13 0
88 214 0 1.14124e-12 0
88 215 0 1.38724e-12 0
88 217 0 1.43872e-12 0
88 219 0 1.28433e-12 0
88 220 0 1.1925e-12 0
88 221 0 1.1193e-12 0
88 223 0 9.38962e-13 1e-07
88 224 0 9.0973e-13 6.5e-08
88 225 0 1.92739e-14 9.6e-08
88 226 0 7.65705e-13 2.8e-07
88 227 0 8.90643e-14 0
88 228 0 1.52116e-15 6.7e-07
88 230 0 4.91114e-14 0
89 210 0 1.19392e-12 0
89 211 0 1.1968e-12 0
89 212 0 1.14522e-12 0
89 213 0 1.17824e-12 0
89 214 0 1.06006e-12 0
89 215 0 1.21494e-12 0
89 217 0 1.544e-12 0
89 218 0 1.4728e-12 0
89 219 0 1.38624e-12 0
89 221 0 1.21552e-12 0
89 222 0 1.10973e-12 0
89 223 0 1.05591e-12 0
89 224 0 1.31115e-13 0
89 225 0 9.28711e-13 2.4e-08
89 226 0 6.72173e-14 0
89 227 0 1.32735e-14 1.1e-06
89 228 0 2.04474e-13 4.3e-10
89 229 0 6.8823e-14 0
89 230 0 2.26535e-13 0
89 231 0 1.6685e-13 0
89 232 0 3.41354e-13 0
89 233 0 2.26751e-13 0
90 213 0 1.23072e-12 0
90 215 0 1.18978e-12 0
90 217 0 1.47578e-12 0
90 219 0 1.4944e-12 0
90 221 0 1.32016e-12 0
90 223 0 1.19036e-12 0
90 224 0 1.14094e-12 0
90 225 0 9.79397e-13 0
90 226 0 1.01355e-12 0
90 227 0 9.77792e-13 8.9e-09
90 228 0 8.682e-13 7e-08
90 229 0 8.18827e-13 4.8e-07
90 230 0 7.48586e-13 2.1e-07
90 231 0 2.69827e-14 3.4e-10
90 232 0 6.41476e-13 2.3e-07
90 233 0 7.15589e-14 0
90 234 0 1.06575e-14 3.4e-09
90 236 0 6.0047e-14 0
91 218 0 3.06841e-12 0
91 219 0 3.168e-12 0
91 225 0 2.3136e-12 0
91 226 0 1.59305e-12 0
91 227 0 1.73114e-12 0
91 228 0 4.95195e-13 0
91 229 0 3.13105e-14 0
91 230 0 2.34474e-13 0
91 231 0 1.59855e-12 7.1e-07
91 232 0 3.50008e-13 7.2e-10
91 233 0 1.33879e-13 8.8e-10
91 234 0 0 5.1e-10
91 234 1 2.64445e-13 0
91 235 0 1.52329e-13 0
91 236 0 5.13565e-13 0
91 237 0 3.76976e-13 0
92 227 0 1.13222e-12 0
92 228 0 1.03485e-12 0
92 229 0 2.02899e-13 0
92 230 0 9.42303e-13 0
92 231 0 2.36315e-14 0
92 232 0 8.50897e-13 2.9e-07
92 233 0 7.69797e-13 5e-08
92 234 0 7.63641e-13 4.9e-08
92 235 0 6.90289e-13 4.6e-08
92 236 0 7.19649e-13 4.6e-08
92 237 0 5.11816e-14 7.6e-10
92 238 0 6.71908e-13 4.4e-08
92 239 0 7.32778e-14 2.8e-11
92 240 0 2.07754e-14 1.1e-09
92 242 0 6.79924e-14 0
93 226 0 1.2848e-12 0
93 229 0 7.49959e-13 0
93 232 0 1.98994e-13 0
93 233 0 1.43958e-14 0
93 234 0 1.79749e-13 0
93 235 0 2.1144e-17 0
93 236 0 5.76724e-14 1.7e-08
93 236 1 2.31624e-14 0
93 237 0 7.79805e-13 1.1e-07
93 238 0 1.26616e-13 9.1e-10
93 239 0 6.47578e-14 8e-10
93 240 0 0 8.2e-11
93 240 1 1.55624e-13 0
93 241 0 7.64151e-14 0
93 242 1 1.80919e-13 0
94 232 0 2.48611e-13 0
94 234 0 5.96157e-14 0
94 235 0 1.47574e-14 0
94 236 0 9.23462e-13 8.6e-08
94 237 0 9.7323e-15 1e-10
94 237 1 2.18854e-14 0
94 238 0 8.79405e-13 2.3e-07
94 239 0 8.24611e-13 2.5e-07
94 240 0 8.26397e-13 2.5e-07
94 241 0 8.56554e-16 4.7e-09
94 242 0 7.83946e-13 2.4e-07
94 243 0 2.84551e-14 8.5e-11
94 244 0 7.33062e-13 2.4e-07
94 245 0 1.12437e-13 0
94 246 0 3.83003e-14 0
95 237 0 6.88405e-14 0
95 238 0 1.43207e-13 0
95 239 0 5.82965e-14 0
95 240 0 1.72991e-13 0
95 241 0 8.87427e-13 2e-07
95 242 0 3.0273e-14 3e-10
95 242 1 3.88586e-15 0
95 243 0 8.55235e-13 2e-07
95 244 0 1.77174e-13 4.6e-10
95 244 1 8.53919e-14 0
95 245 0 5.05532e-14 0
95 246 0 2.65068e-13 0
95 246 1 2.35006e-13 0
95 247 0 1.14518e-13 0
96 238 0 3.99541e-14 0
96 240 0 1.00213e-12 0
96 241 0 1.05768e-13 0
96 242 0 9.78073e-13 1.3e-08
96 243 0 0 2e-07
96 244 0 9.28705e-13 1.6e-07
96 245 0 8.88578e-13 3e-07
96 246 0 8.60616e-13 2.9e-07
96 247 0 8.43708e-13 2.7e-07
96 248 0 7.43081e-13 1.1e-06
96 249 0 4.73827e-14 0
96 251 0 8.96889e-14 0
97 243 0 1.60963e-15 0
97 244 0 6.37968e-17 0
97 245 0 5.68297e-14 0
97 246 0 1.42014e-13 0
97 247 0 9.23719e-13 0
97 248 1 3.67849e-14 0
97 249 0 1.24251e-17 9.7e-10
97 250 0 1.89624e-13 0
97 251 0 6.91197e-14 0
98 243 0 1.58866e-13 0
98 244 0 8.17935e-13 0
98 246 0 1.08011e-12 0
98 247 0 2.25979e-14 0
98 248 0 1.00093e-12 2.8e-08
98 249 0 9.94349e-13 3.5e-07
98 250 0 9.63538e-13 1.6e-07
98 251 0 9.71197e-13 3.6e-07
98 252 0 9.49538e-13 9e-08
98 253 0 1.44943e-14 0
98 254 0 2.88959e-15 0
99 243 0 3.78138e-13 0
99 245 0 4.99424e-13 0
99 247 0 8.16941e-14 0
99 248 0 2.78662e-15 0
99 249 0 7.64422e-14 0
99 250 0 3.26605e-13 0
99 251 0 2.21682e-14 0
99 252 0 8.61062e-13 0
99 253 0 1.06165e-12 0
99 254 0 1.03558e-12 0
99 254 1 1.12246e-13 0
99 255 0 8.15043e-14 0
99 256 1 2.69867e-13 0
