time 0 1.57788e+07 3.15576e+07 4.73364e+07 6.31152e+07 7.8894e+07 9.46728e+07
92 234 0 0 4.37095e+23 8.22163e+23 1.16334e+24 1.46988e+24 1.74966e+24 2.00668e+24 
92 235 0 1.9042e+26 1.75517e+26 1.61339e+26 1.47873e+26 1.35088e+26 1.22982e+26 1.11621e+26 
92 236 0 0 3.70014e+24 7.11017e+24 1.02112e+25 1.30236e+25 1.55652e+25 1.78096e+25 
92 238 0 5.42152e+28 5.40035e+28 5.37831e+28 5.3558e+28 5.33277e+28 5.30907e+28 5.28505e+28 
93 237 0 0 1.33174e+24 2.83658e+24 4.26432e+24 5.76034e+24 7.243e+24 8.6661e+24 
94 238 0 1.16763e+26 1.10878e+26 1.06083e+26 1.02663e+26 1.00657e+26 9.99701e+25 1.00488e+26 
94 239 0 2.16846e+27 1.98895e+27 1.83168e+27 1.68883e+27 1.56031e+27 1.44702e+27 1.34388e+27 
94 240 0 1.02585e+27 1.0201e+27 1.00608e+27 9.90191e+26 9.68765e+26 9.42769e+26 9.13303e+26 
94 241 0 4.62882e+26 4.94999e+26 5.21813e+26 5.38263e+26 5.48781e+26 5.53778e+26 5.5415e+26 
94 242 0 3.21099e+26 3.23276e+26 3.26837e+26 3.31993e+26 3.38403e+26 3.4555e+26 3.53839e+26 
95 241 0 0 1.05711e+25 1.99809e+25 2.81877e+25 3.50912e+25 4.07456e+25 4.51437e+25 
95 242 1 0 7.41031e+22 2.33268e+23 4.12085e+23 5.82453e+23 7.28071e+23 8.46047e+23 
95 243 0 0 1.84985e+25 3.5025e+25 4.97215e+25 6.29166e+25 7.50052e+25 8.56343e+25 
96 242 0 0 6.63665e+23 2.09693e+24 3.78527e+24 5.53138e+24 7.18341e+24 8.72517e+24 
96 243 0 0 3.13964e+21 2.0809e+22 5.66614e+22 1.09515e+23 1.77481e+23 2.54425e+23 
96 244 0 0 1.48815e+24 5.65518e+24 1.169e+25 1.9411e+25 2.83851e+25 3.83657e+25 
96 245 0 0 2.98353e+22 2.33389e+23 7.12927e+23 1.54271e+24 2.75001e+24 4.28032e+24 
96 246 0 0 1.93335e+20 3.09981e+21 1.51395e+22 4.58607e+22 1.07144e+23 2.11425e+23 
8 16 0 1.17001e+29 1.17001e+29 1.17001e+29 1.17001e+29 1.17001e+29 1.17001e+29 1.17001e+29 
2 4 0 0 7.31182e+23 2.35966e+24 5.30713e+24 9.72483e+24 1.56251e+25 2.29537e+25 
34 77 0 0 4.05866e+22 8.10652e+22 1.20912e+23 1.60129e+23 1.98697e+23 2.36655e+23 
34 78 0 0 7.65706e+22 1.52764e+23 2.28614e+23 3.04151e+23 3.79423e+23 4.5445e+23 
34 79 0 0 1.86368e+23 3.68486e+23 5.46543e+23 7.20561e+23 8.90544e+23 1.05669e+24 
35 81 0 0 4.46845e+23 8.85563e+23 1.31667e+24 1.74022e+24 2.15653e+24 2.56585e+24 
36 83 0 0 1.03868e+24 2.03436e+24 2.98704e+24 3.89227e+24 4.75573e+24 5.57211e+24 
36 84 0 0 1.68858e+24 3.4017e+24 5.13657e+24 6.8998e+24 8.68724e+24 1.05045e+25 
36 85 0 0 4.74883e+23 9.32614e+23 1.37287e+24 1.79659e+24 2.2044e+24 2.59687e+24 
37 85 0 0 1.70983e+24 3.42646e+24 5.14538e+24 6.86688e+24 8.59068e+24 1.0316e+25 
38 88 0 0 4.72924e+24 9.43587e+24 1.41121e+25 1.87611e+25 2.33843e+25 2.79803e+25 
38 89 0 0 2.25753e+24 2.42899e+24 2.42857e+24 2.41549e+24 2.40218e+24 2.38815e+24 
39 89 0 0 3.90847e+24 9.86737e+24 1.59568e+25 2.20217e+25 2.80516e+25 3.40453e+25 
40 90 0 0 4.28441e+22 1.73968e+23 3.92039e+23 6.95581e+23 1.08323e+24 1.55349e+24 
40 91 0 0 5.26019e+24 1.37547e+25 2.25716e+25 3.13754e+25 4.01306e+25 4.88302e+25 
40 92 0 0 1.05853e+25 2.11507e+25 3.16673e+25 4.21411e+25 5.25745e+25 6.29665e+25 
40 93 0 0 1.30525e+25 2.60529e+25 3.895e+25 5.17454e+25 6.44509e+25 7.70542e+25 
42 95 0 0 5.68597e+24 1.92252e+25 3.41414e+25 4.89896e+25 6.3575e+25 7.78611e+25 
42 96 0 0 4.46483e+22 2.64553e+23 7.09253e+23 1.39768e+24 2.31589e+24 3.47329e+24 
42 97 0 0 1.77692e+25 3.55444e+25 5.32189e+25 7.07943e+25 8.82691e+25 1.05657e+26 
42 98 0 0 1.87196e+25 3.74121e+25 5.60728e+25 7.47119e+25 9.33341e+25 1.11944e+26 
44 100 0 0 3.49067e+23 1.42011e+24 3.1993e+24 5.61998e+24 8.6629e+24 1.23416e+25 
44 101 0 0 2.23188e+25 4.43135e+25 6.59869e+25 8.73322e+25 1.08347e+26 1.29029e+26 
44 102 0 0 2.29676e+25 4.62526e+25 6.98433e+25 9.37499e+25 1.17978e+26 1.42531e+26 
44 103 0 0 6.73681e+24 7.00533e+24 7.01784e+24 7.02202e+24 7.02688e+24 7.03334e+24 
45 103 0 0 1.54101e+25 3.57764e+25 5.49442e+25 7.26478e+25 8.89524e+25 1.03975e+26 
46 104 0 0 4.80908e+23 2.45863e+24 5.8799e+24 1.0763e+25 1.70307e+25 2.45682e+25 
46 105 0 0 1.7604e+25 3.52784e+25 5.27985e+25 7.01459e+25 8.73048e+25 1.0429e+26 
46 106 0 0 2.95537e+24 9.9465e+24 1.99154e+25 3.21327e+25 4.60749e+25 6.13468e+25 
46 107 0 0 1.13492e+25 2.26434e+25 3.38834e+25 4.50466e+25 5.61421e+25 6.71371e+25 
46 108 0 0 7.34994e+24 1.47337e+25 2.21982e+25 2.97128e+25 3.72466e+25 4.48195e+25 
47 109 0 0 3.95419e+24 7.66362e+24 1.11168e+25 1.44074e+25 1.75385e+25 2.05164e+25 
48 110 0 0 3.0253e+23 1.20037e+24 2.64191e+24 4.56567e+24 6.97044e+24 9.85046e+24 
48 111 0 0 1.23735e+24 2.56705e+24 3.91844e+24 5.29464e+24 6.70254e+24 8.14358e+24 
48 112 0 0 6.87408e+23 1.39834e+24 2.12957e+24 2.8833e+24 3.66103e+24 4.46585e+24 
50 116 0 0 3.39112e+22 1.31259e+23 2.70933e+23 4.49638e+23 6.5585e+23 8.87723e+23 
50 117 0 0 2.39607e+23 4.8018e+23 7.21506e+23 9.63585e+23 1.20641e+24 1.45014e+24 
50 118 0 0 2.14383e+23 4.30763e+23 6.49088e+23 8.69273e+23 1.09122e+24 1.31477e+24 
50 119 0 0 1.19818e+23 2.69478e+23 4.39002e+23 6.21831e+23 8.13689e+23 1.01168e+24 
50 120 0 0 2.05862e+23 4.13874e+23 6.2392e+23 8.3581e+23 1.04938e+24 1.26444e+24 
51 121 0 0 2.0268e+23 4.04874e+23 6.04628e+23 8.0172e+23 9.95275e+23 1.18567e+24 
51 123 0 0 2.24945e+23 4.75774e+23 7.35222e+23 9.96181e+23 1.25688e+24 1.51532e+24 
52 125 0 0 2.64916e+22 1.10517e+23 2.46843e+23 4.28644e+23 6.49769e+23 9.04686e+23 
53 127 0 0 1.27085e+24 2.62506e+24 3.95736e+24 5.25142e+24 6.50536e+24 7.71974e+24 
54 128 0 0 1.09212e+22 4.76401e+22 1.10085e+23 1.99827e+23 3.16091e+23 4.59706e+23 
54 130 0 0 1.83673e+22 6.19821e+22 1.32226e+23 2.3208e+23 3.61406e+23 5.2312e+23 
54 131 0 0 1.13856e+25 2.25104e+25 3.25753e+25 4.18198e+25 5.01587e+25 5.76436e+25 
54 132 0 0 1.77659e+25 3.69906e+25 5.71705e+25 7.80676e+25 9.97794e+25 1.22256e+26 
54 133 0 0 9.70641e+23 9.69559e+23 9.68511e+23 9.67922e+23 9.67132e+23 9.66663e+23 
55 133 0 0 2.18844e+25 4.39096e+25 6.49657e+25 8.51382e+25 1.044e+26 1.22832e+26 
55 134 0 0 4.11677e+23 1.64276e+24 3.51754e+24 5.85281e+24 8.58657e+24 1.15795e+25 
56 134 0 0 2.22525e+22 1.83615e+23 6.06266e+23 1.38167e+24 2.58032e+24 4.2553e+24 
56 136 0 0 3.28038e+23 7.88577e+23 1.36394e+24 2.0512e+24 2.84703e+24 3.75677e+24 
56 137 0 0 1.40979e+23 5.34849e+23 1.17837e+24 2.06835e+24 3.20147e+24 4.5748e+24 
56 138 0 0 2.10123e+25 4.20168e+25 6.30104e+25 8.39955e+25 1.04973e+26 1.25943e+26 
57 139 0 0 1.98033e+25 3.96204e+25 5.94307e+25 7.92317e+25 9.90175e+25 1.18779e+26 
57 140 0 0 2.45301e+23 2.45797e+23 2.46248e+23 2.46748e+23 2.47312e+23 2.47872e+23 
58 140 0 0 1.63821e+25 3.49009e+25 5.34509e+25 7.20349e+25 9.06578e+25 1.09319e+26 
58 141 0 0 4.44204e+24 4.52771e+24 4.52566e+24 4.52291e+24 4.51995e+24 4.51694e+24 
59 141 0 0 1.31995e+25 3.06935e+25 4.82013e+25 6.56373e+25 8.29961e+25 1.00273e+26 
60 142 0 0 1.64111e+22 8.4617e+22 2.10905e+23 3.98596e+23 6.51462e+23 9.73979e+23 
60 143 0 0 1.33207e+25 2.79677e+25 4.21082e+25 5.57029e+25 6.87427e+25 8.11954e+25 
60 144 0 0 2.79389e+24 9.9562e+24 2.01237e+25 3.24467e+25 4.63629e+25 6.15324e+25 
60 145 0 0 1.06463e+25 2.1033e+25 3.11456e+25 4.0962e+25 5.05139e+25 5.97927e+25 
60 146 0 0 9.1301e+24 1.86023e+25 2.83917e+25 3.85227e+25 4.89631e+25 5.97103e+25 
60 147 0 0 6.20189e+23 6.22346e+23 6.24051e+23 6.25778e+23 6.2759e+23 6.29017e+23 
61 147 0 0 5.56362e+24 9.95342e+24 1.30902e+25 1.53828e+25 1.69893e+25 1.81319e+25 
62 147 0 0 3.46191e+23 1.31221e+24 2.65295e+24 4.19652e+24 5.82088e+24 7.44927e+24 
62 148 0 0 5.31983e+23 2.23796e+24 4.82933e+24 8.06298e+24 1.18905e+25 1.61672e+25 
62 149 0 0 7.71832e+23 7.81544e+23 7.45049e+23 7.15295e+23 6.8617e+23 6.6212e+23 
62 150 0 0 3.62275e+24 8.05408e+24 1.24805e+25 1.68537e+25 2.11792e+25 2.54481e+25 
62 151 0 0 1.92302e+24 2.87998e+24 3.33565e+24 3.52551e+24 3.60372e+24 3.63248e+24 
63 153 0 0 1.71165e+24 3.9599e+24 6.64545e+24 9.48721e+24 1.25095e+25 1.55446e+25 
63 154 0 0 1.21239e+23 5.02898e+23 1.14512e+24 2.01917e+24 3.08456e+24 4.27269e+24 
64 154 0 0 1.5823e+21 1.30501e+22 4.447e+22 1.04994e+23 2.01844e+23 3.39823e+23 
64 156 0 0 7.72556e+23 1.99862e+24 3.41596e+24 5.04294e+24 6.94983e+24 9.23755e+24 
64 158 0 0 5.81031e+23 1.23844e+24 1.92336e+24 2.63719e+24 3.38473e+24 4.17483e+24 
65 159 0 0 1.36594e+23 2.74046e+23 4.11584e+23 5.49631e+23 6.88385e+23 8.28393e+23 
66 161 0 0 3.29879e+22 6.54013e+22 9.6109e+22 1.25809e+23 1.55081e+23 1.84512e+23 
62 154 0 0 9.73008e+23 1.95657e+24 2.95008e+24 3.95163e+24 4.96119e+24 5.97924e+24 
62 152 0 0 2.60714e+24 5.46653e+24 8.08457e+24 1.04336e+25 1.22799e+25 1.37035e+25 
63 155 0 0 4.0379e+23 5.32721e+23 6.41388e+23 7.88513e+23 9.86535e+23 1.21234e+24 
63 156 0 0 1.31062e+23 1.5929e+23 1.82665e+23 2.13951e+23 2.54582e+23 3.0722e+23 
60 148 0 0 6.05806e+24 1.21319e+25 1.82108e+25 2.42932e+25 3.0378e+25 3.64607e+25 
58 142 0 0 1.63398e+25 3.26932e+25 4.90268e+25 6.53414e+25 8.16407e+25 9.79231e+25 
59 143 0 0 1.64173e+24 1.64359e+24 1.64478e+24 1.64614e+24 1.64725e+24 1.64794e+24 
58 144 0 0 1.07776e+25 1.77137e+25 2.21788e+25 2.50601e+25 2.6925e+25 2.81321e+25 
54 134 0 0 2.55217e+25 5.10492e+25 7.6572e+25 1.02092e+26 1.27609e+26 1.53119e+26 
55 135 0 0 1.63474e+25 3.25826e+25 4.83621e+25 6.37287e+25 7.86836e+25 9.32711e+25 
55 137 0 0 2.2184e+25 4.40931e+25 6.57284e+25 8.7096e+25 1.08201e+26 1.29047e+26 
54 136 0 0 3.23433e+25 6.47354e+25 9.74312e+25 1.30414e+26 1.63705e+26 1.97269e+26 
52 128 0 0 2.6834e+24 5.37736e+24 8.06199e+24 1.07344e+25 1.33944e+25 1.60456e+25 
53 129 0 0 4.27217e+24 8.75949e+24 1.32048e+25 1.76015e+25 2.19513e+25 2.62545e+25 
53 131 0 0 8.03639e+23 8.01004e+23 7.98622e+23 7.96413e+23 7.94395e+23 7.92618e+23 
52 130 0 0 7.82112e+24 1.56083e+25 2.33552e+25 3.10653e+25 3.87416e+25 4.63899e+25 
51 125 0 0 4.91154e+23 9.36531e+23 1.32401e+24 1.66075e+24 1.95316e+24 2.20731e+24 
50 122 0 0 2.46039e+23 4.93607e+23 7.42678e+23 9.93074e+23 1.24466e+24 1.4973e+24 
50 124 0 0 3.8226e+23 7.63081e+23 1.14266e+24 1.52089e+24 1.89773e+24 2.27335e+24 
50 126 0 0 8.03852e+23 1.6031e+24 2.39899e+24 3.19154e+24 3.98088e+24 4.76794e+24 
48 114 0 0 6.47073e+23 1.43469e+24 2.23991e+24 3.05505e+24 3.88049e+24 4.72062e+24 
49 115 0 0 2.21216e+23 3.95137e+23 5.3049e+23 6.30354e+23 7.06576e+23 7.61863e+23 
48 116 0 0 2.23772e+23 4.49877e+23 6.78285e+23 9.08873e+23 1.14158e+24 1.37632e+24 
46 110 0 0 2.55187e+24 5.15642e+24 7.81488e+24 1.0525e+25 1.32858e+25 1.60966e+25 
44 104 0 0 2.21801e+25 4.44064e+25 6.66671e+25 8.89532e+25 1.11265e+26 1.33594e+26 
45 105 0 0 2.09246e+23 2.10393e+23 2.11447e+23 2.1249e+23 2.13456e+23 2.14448e+23 
44 106 0 0 1.30128e+25 2.23892e+25 2.91744e+25 3.41045e+25 3.77054e+25 4.03538e+25 
42 99 0 0 4.39581e+23 4.39316e+23 4.38929e+23 4.38655e+23 4.38523e+23 4.38307e+23 
43 99 0 0 1.94606e+25 3.86599e+25 5.71288e+25 7.49376e+25 9.21092e+25 1.08627e+26 
42 100 0 0 2.20599e+25 4.40635e+25 6.60048e+25 8.78879e+25 1.09716e+26 1.31487e+26 
41 95 0 0 3.15387e+24 4.14187e+24 4.2766e+24 4.2797e+24 4.26523e+24 4.24874e+24 
40 94 0 0 1.42243e+25 2.84083e+25 4.25491e+25 5.66583e+25 7.07316e+25 8.47829e+25 
40 95 0 0 6.84847e+24 7.76581e+24 7.86199e+24 7.84694e+24 7.81833e+24 7.78831e+24 
40 96 0 0 1.67134e+25 3.338e+25 4.99845e+25 6.65319e+25 8.30271e+25 9.94558e+25 
39 91 0 0 3.66606e+24 4.07559e+24 4.10204e+24 4.08615e+24 4.06647e+24 4.04495e+24 
37 87 0 0 3.74399e+24 7.46914e+24 1.11703e+25 1.48498e+25 1.85091e+25 2.21467e+25 
38 90 0 0 7.33618e+24 1.45445e+25 2.16196e+25 2.85681e+25 3.53938e+25 4.20956e+25 
36 86 0 0 2.79729e+24 5.57955e+24 8.34436e+24 1.10937e+25 1.38286e+25 1.65483e+25 
34 80 0 0 2.95915e+23 5.90734e+23 8.84928e+23 1.17872e+24 1.47229e+24 1.766e+24 
34 82 0 0 7.07644e+23 1.4091e+24 2.10455e+24 2.79447e+24 3.47921e+24 4.1592e+24 
50 119 1 0 8.16067e+22 1.35053e+23 1.70225e+23 1.93486e+23 2.08968e+23 2.19367e+23 
52 129 1 0 2.70561e+23 2.74572e+23 2.7325e+23 2.71829e+23 2.70529e+23 2.69367e+23 
52 132 0 0 4.40221e+23 4.39349e+23 4.38426e+23 4.37596e+23 4.36849e+23 4.36113e+23 
56 140 0 0 1.85727e+24 1.85704e+24 1.8561e+24 1.85545e+24 1.85494e+24 1.85414e+24 
60 150 0 0 3.604e+24 7.21986e+24 1.08441e+25 1.44764e+25 1.81146e+25 2.17586e+25 
64 160 0 0 6.6309e+22 1.34133e+23 2.03519e+23 2.7441e+23 3.46789e+23 4.20645e+23 
93 239 0 0 3.50663e+24 3.64421e+24 3.7266e+24 3.81038e+24 3.92202e+24 3.97593e+24 
