time       0  12530000 25070000 37600000 50140000 62670000 75210000 87740000 100280000
100 255 0  0.00000e+00 0.00000e+00 0.00000e+00 4.25126e+03 1.40156e+05 2.07582e+06 1.68973e+07 9.73822e+07 4.50336e+08
99 255 0  0.00000e+00 0.00000e+00 1.53466e+03 2.27710e+05 7.44408e+06 1.09695e+08 8.89413e+08 5.11414e+09 2.36142e+10
99 254 0  0.00000e+00 0.00000e+00 4.50795e+06 4.96065e+08 1.35866e+10 1.75550e+11 1.26978e+12 6.70119e+12 2.91278e+13
99 253 0  0.00000e+00 4.40672e+04 9.22476e+07 6.80074e+09 1.40813e+11 1.46710e+12 8.91842e+12 4.07132e+13 1.54498e+14
99 252 0  0.00000e+00 0.00000e+00 0.00000e+00 0.00000e+00 0.00000e+00 1.77547e+04 1.44873e+05 8.18807e+05 3.65354e+06
98 254 0  0.00000e+00 0.00000e+00 1.00132e+06 8.49665e+07 1.92748e+09 2.17787e+10 1.42098e+11 6.93599e+11 2.78594e+12
98 253 0  0.00000e+00 1.29593e+05 1.74384e+08 1.05762e+10 1.96147e+11 1.90076e+12 1.09640e+13 4.82592e+13 1.77776e+14
98 252 0  0.00000e+00 3.60827e+08 3.24709e+11 1.64299e+13 2.68755e+14 2.28857e+15 1.28444e+16 5.49030e+16 1.87126e+17
98 251 0  0.00000e+00 2.36983e+10 1.05399e+13 3.55121e+14 4.23843e+15 2.84164e+16 1.29889e+17 4.62780e+17 1.33346e+18
98 250 0  0.00000e+00 4.01974e+11 9.13193e+13 2.15036e+15 1.98712e+16 1.07567e+17 4.36749e+17 1.31352e+18 3.38500e+18
98 249 0  0.00000e+00 6.05573e+11 1.41053e+14 3.42446e+15 3.13163e+16 1.73023e+17 6.98523e+17 2.15012e+18 5.58105e+18
98 248 0  0.00000e+00 5.79177e+05 2.72493e+08 1.11653e+10 1.24350e+11 7.87636e+11 4.09966e+12 1.46706e+13 4.19755e+13
97 249 0  0.00000e+00 1.57219e+13 1.85168e+15 3.10240e+16 2.12513e+17 9.63155e+17 3.31299e+18 8.61772e+18 2.00714e+19
97 248 0  0.00000e+00 0.00000e+00 0.00000e+00 0.00000e+00 0.00000e+00 0.00000e+00 1.11864e+04 7.53981e+04 3.85150e+05
96 250 0  0.00000e+00 0.00000e+00 0.00000e+00 1.08955e+05 3.30631e+06 4.68284e+07 3.78625e+08 2.16355e+09 9.86442e+09
96 248 0  0.00000e+00 4.85180e+15 2.91774e+17 3.44759e+18 1.89680e+19 7.01960e+19 1.98812e+20 4.82357e+20 1.03047e+21
96 247 0  0.00000e+00 8.83206e+17 2.65531e+19 2.06538e+20 8.44298e+20 2.46226e+21 5.77790e+21 1.18883e+22 2.19265e+22
96 246 0  2.10156e+04 4.00643e+20 6.40751e+21 3.25681e+22 9.89269e+22 2.29508e+23 4.49589e+23 7.87480e+23 1.26947e+24
96 245 0  0.00000e+00 9.94551e+22 7.87082e+23 2.60338e+24 5.61646e+24 1.01130e+25 1.57262e+25 2.30609e+25 3.17980e+25
96 244 0  0.00000e+00 6.40809e+24 2.43317e+25 5.14872e+25 8.53046e+25 1.24053e+26 1.68550e+26 2.15689e+26 2.67279e+26
96 243 0  0.00000e+00 1.41604e+23 4.73673e+23 9.00209e+23 1.37295e+24 1.84627e+24 2.30635e+24 2.76554e+24 3.17660e+24
96 242 0 0.00000e+00 2.29703e+25 3.69979e+25 4.64849e+25 5.33092e+25 5.86614e+25 6.32032e+25 6.71027e+25 7.12315e+25
95 244 0 0.00000e+00 5.45341e+22 1.04247e+23 1.47788e+23 1.83121e+23 2.12467e+23 2.46506e+23 2.71483e+23 3.04175e+23
95 243 0 0.00000e+00 1.15435e+26 2.19378e+26 3.12389e+26 4.01341e+26 4.79896e+26 5.51570e+26 6.19816e+26 6.82319e+26
95 242 1 0.00000e+00 3.13956e+24 6.00319e+24 8.63977e+24 1.10432e+25 1.32269e+25 1.51877e+25 1.69402e+25 1.85737e+25
95 242 0 0.00000e+00 4.43220e+19 8.49120e+19 1.24886e+20 1.57459e+20 1.87299e+20 2.18291e+20 2.42015e+20 2.66433e+20
95 241 0 3.12399e+26 3.34652e+26 3.56139e+26 3.76184e+26 3.94854e+26 4.11904e+26 4.27016e+26 4.40191e+26 4.50422e+26
94 246 0 0.00000e+00 0.00000e+00 0.00000e+00 0.00000e+00 0.00000e+00 0.00000e+00 0.00000e+00 2.03355e+03 9.44320e+03
94 245 0 0.00000e+00 4.14999e+12 4.26115e+12 4.31743e+12 4.37226e+12 4.30202e+12 4.24840e+12 4.30590e+12 4.32286e+12
94 244 0 1.01868e+17 1.00754e+17 9.96089e+16 9.84489e+16 9.72845e+16 9.61591e+16 9.51097e+16 9.41943e+16 9.35780e+16
94 242 0 5.32597e+27 5.27997e+27 5.23646e+27 5.19805e+27 5.15823e+27 5.12640e+27 5.09616e+27 5.06551e+27 5.03592e+27
94 241 0 2.95308e+27 3.06913e+27 3.16838e+27 3.24797e+27 3.31361e+27 3.35799e+27 3.38562e+27 3.39947e+27 3.40493e+27
94 240 0 8.73128e+27 8.58269e+27 8.42075e+27 8.24944e+27 8.07223e+27 7.88602e+27 7.69845e+27 7.50938e+27 7.31258e+27
94 239 0 1.14994e+28 1.09085e+28 1.03792e+28 9.89304e+27 9.41658e+27 8.96458e+27 8.53954e+27 8.14752e+27 7.76904e+27
94 238 0 1.23053e+27 1.19512e+27 1.17124e+27 1.15485e+27 1.14364e+27 1.13672e+27 1.13235e+27 1.13043e+27 1.13056e+27
94 237 0 1.78867e+05 3.54388e+21 3.78243e+21 4.56332e+21 3.94725e+21 3.57280e+21 4.05066e+21 3.78232e+21 4.02084e+21
94 236 0 1.49002e+20 2.58542e+20 2.47220e+20 2.61049e+20 4.16059e+20 4.76703e+20 4.97144e+20 6.07632e+20 6.35287e+20
93 239 0 0.00000e+00 1.18934e+25 1.23894e+25 1.27902e+25 1.25977e+25 1.25500e+25 1.27674e+25 1.31657e+25 1.30892e+25
93 238 0 0.00000e+00 1.20286e+22 2.38382e+22 3.67655e+22 4.81743e+22 5.83803e+22 6.83376e+22 7.90258e+22 8.87338e+22
93 237 0 5.22551e+23 9.17126e+24 1.76997e+25 2.65525e+25 3.42390e+25 4.10760e+25 4.79082e+25 5.40901e+25 5.96963e+25
93 236 0 0.00000e+00 2.41041e+19 8.94063e+19 2.08948e+20 3.36116e+20 4.61748e+20 6.30546e+20 7.88762e+20 9.42245e+20
93 235 0 0.00000e+00 9.86970e+13 7.23244e+14 2.46752e+15 5.09178e+15 8.32457e+15 1.31396e+16 1.86771e+16 2.39519e+16
92 240 0 2.04562e+06 2.02311e+06 2.00011e+06 1.97681e+06 1.95341e+06 1.93081e+06 1.90973e+06 1.89133e+06 1.87889e+06
92 238 0 1.70909e+29 1.70323e+29 1.69714e+29 1.69085e+29 1.68464e+29 1.67845e+29 1.67216e+29 1.66569e+29 1.65926e+29
92 237 0 9.29711e+19 6.34643e+23 6.21961e+23 6.89550e+23 6.42875e+23 6.22000e+23 6.57784e+23 6.46482e+23 6.40527e+23
92 236 0 1.81149e+26 1.80487e+26 1.80200e+26 1.79702e+26 1.79413e+26 1.79057e+26 1.78755e+26 1.78472e+26 1.78046e+26
92 235 0 2.70645e+26 2.68405e+26 2.65247e+26 2.62014e+26 2.57710e+26 2.53445e+26 2.48581e+26 2.42683e+26 2.37380e+26
92 234 0 2.51560e+26 2.42010e+26 2.33121e+26 2.24034e+26 2.16045e+26 2.07921e+26 2.00444e+26 1.93936e+26 1.86925e+26
92 233 0 9.92459e+21 1.00493e+22 1.00918e+22 1.02927e+22 1.02863e+22 1.01852e+22 1.01725e+22 1.00488e+22 9.94006e+21
92 232 0 2.04900e+21 1.94750e+21 1.85607e+21 1.77522e+21 1.71437e+21 1.67007e+21 1.64224e+21 1.62687e+21 1.62621e+21
92 230 0 0.00000e+00 6.83733e+12 1.81577e+13 3.85151e+13 4.67291e+13 5.64177e+13 7.95255e+13 8.73733e+13 1.07078e+14
91 233 0 1.62837e+16 2.58733e+17 5.60549e+17 8.66238e+17 1.14431e+18 1.39047e+18 1.63017e+18 1.85324e+18 2.05401e+18
91 232 0 0.00000e+00 6.72523e+16 1.46423e+17 2.35023e+17 3.25391e+17 4.20616e+17 5.11589e+17 6.19708e+17 7.22805e+17
91 231 0 4.59657e+17 7.67509e+19 1.61222e+20 2.51275e+20 3.43285e+20 4.35145e+20 5.25238e+20 6.13927e+20 7.01498e+20
91 230 0 0.00000e+00 9.09381e+13 2.06334e+14 4.20062e+14 4.94279e+14 5.90058e+14 8.28474e+14 8.99596e+14 1.10188e+15
91 229 0 0.00000e+00 1.83618e+10 1.04893e+10 2.83494e+10 1.82427e+11 2.12162e+11 3.86263e+11 2.35876e+11 1.49771e+11
90 234 0 2.52290e+18 2.51020e+18 2.50105e+18 2.49167e+18 2.48245e+18 2.47325e+18 2.46394e+18 2.45440e+18 2.44484e+18
90 232 0 9.23868e+18 1.12655e+19 1.32600e+19 1.52198e+19 1.71541e+19 1.90627e+19 2.09410e+19 2.27890e+19 2.46168e+19
90 231 0 1.11951e+15 9.15164e+17 1.04962e+18 1.17311e+18 1.26197e+18 1.33322e+18 1.38528e+18 1.45455e+18 1.52351e+18
90 230 0 1.18685e+21 1.38340e+21 1.55653e+21 1.70752e+21 1.84028e+21 1.95697e+21 2.05971e+21 2.14780e+21 2.22157e+21
90 229 1 0.00000e+00 1.71569e+10 9.95363e+09 2.70405e+10 1.74479e+11 2.03268e+11 3.70495e+11 2.26424e+11 1.43845e+11
90 229 0 7.47482e+16 2.49361e+18 4.86672e+18 7.09662e+18 9.13755e+18 1.08146e+19 1.23160e+19 1.36369e+19 1.47983e+19
90 228 0 2.59560e+19 2.74552e+19 2.81916e+19 2.84007e+19 2.82509e+19 2.80615e+19 2.77501e+19 2.73937e+19 2.70414e+19
90 227 0 1.75715e+10 7.01781e+13 7.39241e+13 9.60095e+13 8.87969e+13 8.81365e+13 1.05009e+14 1.05814e+14 1.16948e+14
89 227 0 8.24031e+12 4.77769e+14 1.58262e+15 3.27638e+15 5.51121e+15 8.20129e+15 1.12719e+16 1.46372e+16 1.82705e+16
89 226 0 0.00000e+00 8.93709e+10 1.11190e+11 1.32139e+11 1.48638e+11 1.62751e+11 1.78062e+11 1.92062e+11 2.04486e+11
89 225 0 2.63033e+11 5.63840e+13 6.86501e+13 7.88308e+13 8.71572e+13 9.39773e+13 9.98544e+13 1.05266e+14 1.09679e+14
88 228 0 3.67801e+08 5.46971e+08 7.56229e+08 9.93539e+08 1.25700e+09 1.54491e+09 1.85559e+09 2.18739e+09 2.53885e+09
88 226 0 9.32867e+15 1.38460e+16 1.89556e+16 2.45665e+16 3.05891e+16 3.69595e+16 4.36057e+16 5.04715e+16 5.74625e+16
88 225 0 3.98705e+11 8.64803e+13 1.04533e+14 1.19615e+14 1.31930e+14 1.41982e+14 1.50702e+14 1.58758e+14 1.65337e+14
88 224 0 1.33660e+17 1.42011e+17 1.45950e+17 1.47117e+17 1.46393e+17 1.45413e+17 1.43815e+17 1.41971e+17 1.40141e+17
88 223 0 1.03202e+10 4.26483e+13 4.52769e+13 5.87522e+13 5.44482e+13 5.39405e+13 6.42379e+13 6.47877e+13 7.15174e+13
86 222 0 5.99888e+10 8.94280e+10 1.22734e+11 1.59345e+11 1.98670e+11 2.40287e+11 2.83726e+11 3.28616e+11 3.74349e+11
84 210 0 1.69819e+10 9.32771e+10 5.34431e+11 1.71299e+12 3.97401e+12 7.18381e+12 1.13664e+13 1.67972e+13 2.32922e+13
83 210 0 1.32479e+09 1.34167e+10 5.57880e+10 1.47584e+11 2.81361e+11 4.41890e+11 6.52194e+11 9.05136e+11 1.19763e+12
83 209 0 5.44616e+12 4.01248e+14 1.03285e+15 1.77560e+15 2.60993e+15 3.52003e+15 4.49362e+15 5.52470e+15 6.60397e+15
83 208 0 0.00000e+00 1.59007e+09 8.31304e+09 2.55486e+10 4.78840e+10 7.73584e+10 1.22156e+11 1.73198e+11 2.39489e+11
82 212 0 1.63569e+16 1.73886e+16 1.78728e+16 1.80170e+16 1.79292e+16 1.78092e+16 1.76137e+16 1.73880e+16 1.71637e+16
82 210 0 2.22798e+12 2.28373e+13 9.24707e+13 2.44100e+14 4.61115e+14 7.21081e+14 1.06643e+15 1.47429e+15 1.95115e+15
82 208 0 8.79611e+18 1.26394e+19 1.66459e+19 2.07214e+19 2.48014e+19 2.88562e+19 3.28746e+19 3.68444e+19 4.07625e+19
82 207 0 1.23730e+11 3.58151e+14 8.67422e+14 1.55272e+15 2.24270e+15 2.94385e+15 3.78981e+15 4.66916e+15 5.65234e+15
82 206 0 1.13736e+10 7.11354e+10 2.79862e+11 1.05969e+12 3.23193e+12 7.67852e+12 1.54362e+13 2.57103e+13 4.02968e+13
82 205 0 0.00000e+00 2.52141e+05 1.19665e+06 6.46483e+06 2.02286e+07 5.57033e+07 1.46985e+08 2.90169e+08 5.34382e+08
71 172 0 0.00000e+00 5.83250e+09 1.33713e+10 2.20760e+10 3.09727e+10 4.02571e+10 5.01000e+10 6.03632e+10 7.04889e+10
71 171 0 0.00000e+00 6.58866e+08 1.40579e+09 2.20047e+09 2.97930e+09 3.77979e+09 4.61658e+09 5.48402e+09 6.34536e+09
70 172 0 1.12517e+08 8.50841e+18 1.78639e+19 2.76656e+19 3.78899e+19 4.87274e+19 6.03040e+19 7.27983e+19 8.63264e+19
70 171 0 8.93916e+07 4.34837e+17 1.70882e+18 3.79502e+18 6.69596e+18 1.04508e+19 1.51431e+19 2.08927e+19 2.78522e+19
70 170 0 2.94756e+04 1.78007e+14 8.54647e+14 2.38251e+15 5.14240e+15 9.46619e+15 1.56506e+16 2.39726e+16 3.46653e+16
70 169 0 0.00000e+00 4.28794e+10 1.16016e+11 2.03579e+11 2.95623e+11 3.93407e+11 4.97460e+11 6.07026e+11 7.16869e+11
70 168 0 0.00000e+00 8.86387e+09 3.73323e+10 8.86387e+10 1.64402e+11 2.66483e+11 3.96569e+11 5.56319e+11 7.46043e+11
69 172 0 6.87900e+05 2.38714e+17 2.51645e+17 2.65111e+17 2.78023e+17 2.96506e+17 3.17877e+17 3.44746e+17 3.74279e+17
69 171 0 2.59537e+08 6.00249e+18 1.17260e+19 1.73829e+19 2.31367e+19 2.93440e+19 3.62497e+19 4.41438e+19 5.31650e+19
69 170 0 1.16943e+04 4.83969e+14 1.31793e+15 2.66635e+15 4.46096e+15 6.65443e+15 9.21249e+15 1.21170e+16 1.52765e+16
69 169 0 5.01635e+09 3.29214e+19 7.14718e+19 1.13401e+20 1.59275e+20 2.10801e+20 2.69213e+20 3.35453e+20 4.11677e+20
69 168 0 0.00000e+00 1.60068e+13 4.46096e+13 8.84114e+13 1.42870e+14 2.05672e+14 2.75795e+14 3.52410e+14 4.32292e+14
69 167 0 0.00000e+00 4.34975e+11 9.81351e+11 1.62966e+12 2.30805e+12 3.03425e+12 3.81524e+12 4.64430e+12 5.48409e+12
69 166 0 0.00000e+00 2.23253e+09 4.37230e+09 6.52878e+09 8.57522e+09 1.06585e+10 1.28205e+10 1.50581e+10 1.73051e+10
69 165 0 0.00000e+00 9.91810e+08 1.80973e+09 2.53008e+09 3.14905e+09 3.74397e+09 4.33137e+09 4.92016e+09 5.50394e+09
68 172 0 5.30872e+05 1.84945e+17 1.94871e+17 2.05153e+17 2.14950e+17 2.29022e+17 2.45261e+17 2.65730e+17 2.88211e+17
68 171 0 2.49403e+05 2.06985e+16 2.27153e+16 2.55155e+16 2.88060e+16 3.34453e+16 3.90262e+16 4.60964e+16 5.39718e+16
68 170 0 1.83385e+09 1.51986e+19 3.13135e+19 4.86706e+19 6.75448e+19 8.85601e+19 1.12140e+20 1.38909e+20 1.69396e+20
68 169 0 1.09984e+08 3.47675e+18 3.73527e+18 4.11090e+18 4.52741e+18 5.13014e+18 5.83318e+18 6.63862e+18 7.65981e+18
68 168 0 1.28417e+10 1.01690e+20 2.41715e+20 4.16637e+20 6.24839e+20 8.69834e+20 1.14659e+21 1.47341e+21 1.85133e+21
68 167 0 1.39347e+10 1.40444e+20 2.54990e+20 3.52736e+20 4.41083e+20 5.25523e+20 6.21829e+20 7.24771e+20 8.41915e+20
68 166 0 6.02531e+10 5.74148e+20 1.25736e+21 2.04403e+21 2.97817e+21 4.08927e+21 5.47017e+21 7.16079e+21 9.30308e+21
68 165 0 0.00000e+00 1.75792e+13 3.37330e+13 7.51222e+13 8.93536e+13 1.25894e+14 1.96739e+14 2.32028e+14 3.07280e+14
68 164 0 3.31204e+06 3.34358e+16 7.70047e+16 1.38741e+17 2.14482e+17 3.09414e+17 4.35491e+17 5.84565e+17 7.71447e+17
68 162 0 0.00000e+00 1.64249e+11 5.83956e+11 1.18042e+12 1.90055e+12 2.71897e+12 3.62061e+12 4.59094e+12 5.62792e+12
67 166 1 1.20027e+08 1.04467e+18 2.14214e+18 3.33937e+18 4.67866e+18 6.18486e+18 7.89821e+18 9.85085e+18 1.20658e+19
67 166 0 1.55328e+08 7.14274e+18 8.30247e+18 9.74315e+18 1.17564e+19 1.41801e+19 1.78403e+19 2.20267e+19 2.80276e+19
67 165 0 1.22769e+11 1.19721e+21 2.60875e+21 4.34083e+21 6.53313e+21 9.33800e+21 1.29607e+22 1.75990e+22 2.34602e+22
67 163 0 1.00143e+06 1.01462e+16 2.31994e+16 3.99935e+16 6.10200e+16 8.66731e+16 1.17622e+17 1.53320e+17 1.94328e+17
66 166 0 4.72011e+08 1.89186e+19 1.89616e+19 1.92033e+19 1.97906e+19 2.05590e+19 2.17473e+19 2.33060e+19 2.51252e+19
66 164 0 3.01682e+11 3.14313e+21 7.25690e+21 1.25839e+22 1.93648e+22 2.77446e+22 3.81403e+22 5.06292e+22 6.52096e+22
66 163 0 8.39463e+11 8.97443e+21 2.03000e+22 3.47480e+22 5.14331e+22 7.14503e+22 9.34552e+22 1.18095e+23 1.46231e+23
66 162 0 2.04172e+12 1.86436e+22 3.93918e+22 6.15141e+22 8.55272e+22 1.10283e+23 1.37577e+23 1.66809e+23 1.97531e+23
66 161 0 1.21764e+13 5.68107e+22 1.14608e+23 1.70248e+23 2.24933e+23 2.80022e+23 3.35960e+23 3.93840e+23 4.53580e+23
66 160 0 4.87482e+09 1.85188e+21 1.11849e+22 2.93133e+22 5.64933e+22 9.26539e+22 1.36710e+23 1.88447e+23 2.49206e+23
66 159 0 7.39140e+04 4.28441e+15 2.30996e+16 1.03254e+17 1.99198e+17 3.58014e+17 6.66334e+17 9.13340e+17 1.24879e+18
66 158 0 1.24569e+05 9.08032e+14 2.73901e+15 6.14701e+15 1.17067e+16 1.97212e+16 3.09430e+16 4.60360e+16 6.55331e+16
66 157 0 0.00000e+00 3.82996e+10 6.44691e+10 8.37483e+10 9.78006e+10 1.10137e+11 1.21143e+11 1.31550e+11 1.42220e+11
66 156 0 0.00000e+00 2.61911e+11 9.28467e+11 1.87219e+12 3.00824e+12 4.30203e+12 5.72907e+12 7.27975e+12 8.94807e+12
66 155 0 0.00000e+00 6.05392e+07 1.01506e+08 1.30689e+08 1.51131e+08 1.68544e+08 1.83545e+08 1.97371e+08 2.11568e+08
65 161 0 1.94541e+11 4.43535e+21 4.61139e+21 4.81302e+21 5.01969e+21 5.26378e+21 5.51359e+21 5.78433e+21 6.09181e+21
65 160 0 9.59836e+08 3.67887e+21 1.07235e+22 1.81195e+22 2.65180e+22 3.53993e+22 4.36679e+22 5.32647e+22 6.32661e+22
65 159 0 6.38617e+13 2.98288e+23 6.00820e+23 9.06831e+23 1.21425e+24 1.52545e+24 1.84199e+24 2.16719e+24 2.48999e+24
65 158 0 1.01029e+08 1.95688e+18 5.84008e+18 1.34247e+19 2.18032e+19 3.19623e+19 4.63628e+19 6.16243e+19 8.02941e+19
65 157 0 7.39716e+06 7.18164e+16 1.56910e+17 2.52126e+17 3.55843e+17 4.66924e+17 5.85541e+17 7.11735e+17 8.45526e+17
65 156 1 0.00000e+00 3.93165e+12 5.10037e+12 5.98787e+12 6.67744e+12 7.28746e+12 7.87238e+12 8.44096e+12 9.03036e+12
65 156 0 3.13636e+03 2.07084e+14 2.73863e+14 3.24058e+14 3.62651e+14 3.96588e+14 4.28782e+14 4.59971e+14 4.92152e+14
65 155 0 0.00000e+00 9.87255e+12 1.56034e+13 1.97844e+13 2.28283e+13 2.54760e+13 2.78455e+13 3.00876e+13 3.23876e+13
65 153 0 0.00000e+00 6.50866e+09 1.10142e+10 1.42176e+10 1.64601e+10 1.83670e+10 2.00079e+10 2.15200e+10 2.30689e+10
64 160 0 2.80797e+13 1.38007e+23 2.77644e+23 4.19257e+23 5.62537e+23 7.08264e+23 8.56073e+23 1.00641e+24 1.15944e+24
64 159 0 1.12423e+11 2.39764e+21 2.51740e+21 2.63919e+21 2.76005e+21 2.90339e+21 3.05111e+21 3.24844e+21 3.35667e+21
64 158 0 1.24479e+14 1.33033e+24 2.96565e+24 4.67465e+24 6.43904e+24 8.27419e+24 1.01830e+25 1.21533e+25 1.42344e+25
64 157 0 1.94502e+14 2.63214e+23 2.86945e+23 2.97587e+23 3.04480e+23 3.12789e+23 3.12990e+23 3.24787e+23 3.40917e+23
64 156 0 2.64914e+14 1.72732e+24 4.55520e+24 7.86014e+24 1.15549e+25 1.56448e+25 2.01997e+25 2.53700e+25 3.12823e+25
64 155 0 4.31441e+13 3.22194e+22 7.68606e+22 1.10666e+23 1.37135e+23 1.61750e+23 1.87423e+23 2.19728e+23 2.56147e+23
64 154 0 1.72530e+09 2.95805e+21 2.47278e+22 8.60505e+22 2.07127e+23 4.04658e+23 6.92851e+23 1.08476e+24 1.59121e+24
64 153 0 9.08300e+04 4.14747e+16 8.13118e+17 4.67105e+18 1.49940e+19 3.54452e+19 6.82671e+19 1.14180e+20 1.74165e+20
64 152 0 3.06735e+07 2.72902e+18 3.15793e+19 1.23756e+20 3.03964e+20 5.79218e+20 9.40223e+20 1.37020e+21 1.84711e+21
64 151 0 0.00000e+00 3.38398e+12 3.32915e+13 2.48709e+14 5.94380e+14 1.33988e+15 2.87442e+15 4.11885e+15 5.82002e+15
64 149 0 0.00000e+00 8.54735e+07 1.50037e+08 1.95631e+08 2.27451e+08 2.54334e+08 2.77372e+08 2.98594e+08 3.20118e+08
63 157 0 2.81152e+11 6.43393e+21 6.56972e+21 6.69778e+21 6.79653e+21 6.93052e+21 7.05558e+21 7.21354e+21 7.38899e+21
63 156 0 9.52947e+12 3.73335e+23 4.68324e+23 5.27851e+23 5.89055e+23 6.58055e+23 7.40244e+23 8.44560e+23 9.72949e+23
63 155 0 3.34797e+14 1.36553e+24 1.99054e+24 2.40523e+24 2.79398e+24 3.24934e+24 3.83080e+24 4.46389e+24 5.16625e+24
63 154 0 2.40426e+10 2.85986e+23 1.20209e+24 2.82285e+24 5.08706e+24 7.85441e+24 1.11698e+25 1.49648e+25 1.91009e+25
63 153 0 8.33406e+14 4.98392e+24 1.13169e+25 1.84840e+25 2.63895e+25 3.51047e+25 4.38043e+25 5.28750e+25 6.16561e+25
63 152 1 3.63832e+04 1.46351e+15 1.55177e+15 1.61219e+15 1.66351e+15 1.69893e+15 1.74219e+15 1.78346e+15 1.82753e+15
63 152 0 7.89484e+07 1.66682e+21 9.89822e+21 2.48589e+22 4.34790e+22 6.33220e+22 8.11270e+22 9.73157e+22 1.09823e+23
63 151 0 1.01019e+13 9.57347e+21 2.88029e+22 4.86813e+22 6.58936e+22 7.89845e+22 8.85791e+22 9.37284e+22 9.67313e+22
63 150 0 0.00000e+00 1.74615e+16 1.02393e+17 3.47423e+17 6.28381e+17 9.78862e+17 1.46202e+18 1.91691e+18 2.41501e+18
63 149 0 0.00000e+00 1.14810e+13 2.94645e+13 4.52639e+13 5.73467e+13 6.69875e+13 7.49396e+13 8.19746e+13 8.85402e+13
63 147 0 0.00000e+00 1.84743e+09 3.56719e+09 4.77213e+09 5.60805e+09 6.30227e+09 6.89179e+09 7.43366e+09 7.97089e+09
62 156 0 2.44547e+11 5.71404e+21 5.74057e+21 5.77332e+21 5.79942e+21 5.83690e+21 5.86441e+21 5.89609e+21 5.92925e+21
62 154 0 5.92938e+14 3.21642e+24 6.45282e+24 9.70866e+24 1.29813e+25 1.62706e+25 1.95674e+25 2.28846e+25 2.62015e+25
62 153 0 3.68578e+12 1.21418e+23 1.62175e+23 1.96074e+23 2.29853e+23 2.64645e+23 2.87331e+23 3.18236e+23 3.37282e+23
62 152 0 1.19945e+15 7.49352e+24 1.55733e+25 2.37691e+25 3.14795e+25 3.83914e+25 4.49847e+25 5.05178e+25 5.55265e+25
62 151 0 1.51656e+15 7.07351e+24 1.19093e+25 1.51782e+25 1.74037e+25 1.88900e+25 1.97896e+25 2.04358e+25 2.09065e+25
62 150 0 1.09624e+12 9.41882e+24 2.36074e+25 3.80594e+25 5.24810e+25 6.69322e+25 8.13067e+25 9.54278e+25 1.09520e+26
62 149 0 2.48178e+15 4.86340e+24 5.22561e+24 5.22723e+24 5.17065e+24 5.02355e+24 4.86094e+24 4.82365e+24 4.73785e+24
62 148 0 4.89892e+09 1.29033e+24 5.52024e+24 1.23937e+25 2.10410e+25 3.16550e+25 4.37094e+25 5.68853e+25 7.13080e+25
62 147 0 7.48561e+14 8.91349e+23 3.55927e+24 7.45414e+24 1.21554e+25 1.73370e+25 2.27860e+25 2.82493e+25 3.35969e+25
62 146 0 2.46863e+05 3.18898e+18 2.64298e+19 1.01344e+20 2.18968e+20 3.85955e+20 6.46455e+20 9.56534e+20 1.34575e+21
62 145 0 0.00000e+00 4.78798e+10 1.53243e+11 2.79047e+11 4.05162e+11 5.25401e+11 6.36903e+11 7.40104e+11 8.36105e+11
62 144 0 0.00000e+00 5.06802e+08 1.79307e+09 3.60774e+09 5.78408e+09 8.25318e+09 1.09659e+10 1.39021e+10 1.70492e+10
61 151 0 4.09050e+12 1.01881e+23 1.02496e+23 1.03200e+23 1.03665e+23 1.04374e+23 1.04940e+23 1.05579e+23 1.06181e+23
61 149 0 1.25912e+13 3.22289e+23 3.25220e+23 3.28074e+23 3.30137e+23 3.32671e+23 3.34656e+23 3.36732e+23 3.38888e+23
61 148 1 3.87564e+08 1.27530e+19 1.38067e+19 1.39543e+19 1.41038e+19 1.41357e+19 1.42459e+19 1.43609e+19 1.44932e+19
61 148 0 1.68033e+07 1.53711e+23 2.85326e+23 4.00388e+23 4.64743e+23 5.43288e+23 5.94035e+23 6.24306e+23 6.63516e+23
61 147 0 3.12346e+15 1.85144e+25 3.48919e+25 4.74171e+25 5.74005e+25 6.49002e+25 7.06793e+25 7.53043e+25 7.87375e+25
61 146 0 6.46157e+06 7.64920e+19 3.00517e+20 7.30399e+20 1.15832e+21 1.60479e+21 2.17395e+21 2.70769e+21 3.31091e+21
61 145 0 1.75908e+05 1.96948e+17 3.35112e+17 6.08107e+17 3.77579e+18 7.24852e+18 1.38044e+19 1.63588e+19 1.71751e+19
61 144 0 0.00000e+00 2.41476e+13 6.60119e+13 1.13840e+14 1.61265e+14 2.06303e+14 2.48148e+14 2.86997e+14 3.23242e+14
61 143 0 0.00000e+00 3.28068e+11 1.02451e+12 1.82374e+12 2.59334e+12 3.30188e+12 3.93945e+12 4.51651e+12 5.04545e+12
60 150 0 2.01569e+15 1.16125e+25 2.32453e+25 3.48938e+25 4.65492e+25 5.82199e+25 6.98887e+25 8.15584e+25 9.32279e+25
60 148 0 3.31285e+15 1.95654e+25 3.91625e+25 5.87684e+25 7.83572e+25 9.79562e+25 1.17544e+26 1.37122e+26 1.56678e+26
60 147 0 9.99002e+13 2.56906e+24 2.57642e+24 2.58399e+24 2.58898e+24 2.59519e+24 2.59984e+24 2.60497e+24 2.60968e+24
60 146 0 4.84079e+15 2.94288e+25 5.96653e+25 9.07090e+25 1.22539e+26 1.55177e+26 1.88604e+26 2.22635e+26 2.57475e+26
60 145 0 5.78672e+15 3.43604e+25 6.80532e+25 1.01067e+26 1.33362e+26 1.64960e+26 1.95837e+26 2.26194e+26 2.55810e+26
60 144 0 3.61306e+15 7.34440e+24 2.66677e+25 5.47042e+25 8.92438e+25 1.28643e+26 1.71731e+26 2.17905e+26 2.66502e+26
60 143 0 8.04211e+15 4.20216e+25 9.04575e+25 1.37943e+26 1.84376e+26 2.29797e+26 2.74244e+26 3.17510e+26 3.59699e+26
60 142 0 9.92191e+08 3.75230e+22 2.10128e+23 5.27783e+23 9.91655e+23 1.62643e+24 2.41371e+24 3.35596e+24 4.47473e+24
60 140 0 0.00000e+00 2.78127e+09 4.73051e+09 6.11506e+09 7.08387e+09 7.90693e+09 8.61478e+09 9.26703e+09 9.93427e+09
59 143 0 2.57679e+14 6.70797e+24 6.71728e+24 6.72076e+24 6.72247e+24 6.72539e+24 6.72771e+24 6.73011e+24 6.73168e+24
59 142 0 1.80752e+06 7.48377e+20 1.95357e+21 3.10929e+21 4.28241e+21 5.67849e+21 6.89716e+21 8.14410e+21 9.57857e+21
59 141 0 8.69359e+15 3.96525e+25 9.59533e+25 1.52790e+26 2.09465e+26 2.65913e+26 3.22161e+26 3.78218e+26 4.34058e+26
58 144 0 3.76858e+15 3.68857e+25 6.28697e+25 8.11937e+25 9.41009e+25 1.03230e+26 1.09678e+26 1.14247e+26 1.17489e+26
58 143 0 2.62081e+13 6.83571e+23 6.84057e+23 6.84521e+23 6.84695e+23 6.85016e+23 6.85235e+23 6.85503e+23 6.85682e+23
58 142 0 8.95118e+15 5.43479e+25 1.08731e+26 1.63091e+26 2.17401e+26 2.71658e+26 3.25880e+26 3.80063e+26 4.34215e+26
58 141 0 6.96529e+14 1.76829e+25 1.84594e+25 1.84689e+25 1.84583e+25 1.84380e+25 1.84251e+25 1.84147e+25 1.84009e+25
58 140 0 9.96452e+15 5.25042e+25 1.13930e+26 1.75491e+26 2.37182e+26 2.99014e+26 3.60991e+26 4.23094e+26 4.85276e+26
58 139 0 9.28743e+07 4.60113e+19 1.23806e+20 3.70774e+20 4.82508e+20 7.08254e+20 1.06250e+21 1.17604e+21 1.33269e+21
58 138 0 7.02274e+06 6.07866e+16 1.26510e+17 1.95283e+17 2.66433e+17 3.38996e+17 4.13189e+17 4.88843e+17 5.65957e+17
58 137 0 0.00000e+00 3.14307e+12 3.60619e+12 3.92883e+12 4.16954e+12 4.35597e+12 4.53956e+12 4.70850e+12 4.88464e+12
58 135 0 0.00000e+00 1.30594e+08 2.19301e+08 2.82470e+08 3.26716e+08 3.64395e+08 3.96849e+08 4.26762e+08 4.57469e+08
57 140 0 3.94735e+13 1.02357e+24 1.02667e+24 1.02886e+24 1.03105e+24 1.03353e+24 1.03600e+24 1.03816e+24 1.03951e+24
57 139 0 1.09803e+16 6.44070e+25 1.28802e+26 1.93212e+26 2.57570e+26 3.21910e+26 3.86177e+26 4.50399e+26 5.14605e+26
57 138 0 5.67437e+10 5.32889e+20 1.14297e+21 2.03832e+21 2.91442e+21 3.97154e+21 5.35666e+21 6.63798e+21 8.04397e+21
57 137 0 2.57853e+09 2.08547e+19 4.15760e+19 6.20658e+19 8.24674e+19 1.02586e+20 1.22621e+20 1.42542e+20 1.62383e+20
57 135 0 0.00000e+00 2.54884e+13 2.71494e+13 2.82611e+13 2.91761e+13 2.97783e+13 3.05132e+13 3.11859e+13 3.19025e+13
56 140 0 2.99600e+14 7.75566e+24 7.76647e+24 7.77424e+24 7.77758e+24 7.78380e+24 7.78684e+24 7.79072e+24 7.79356e+24
56 138 0 1.17884e+16 6.92518e+25 1.38558e+26 2.07924e+26 2.77323e+26 3.46780e+26 4.16265e+26 4.85786e+26 5.55337e+26
56 137 0 2.47157e+14 3.80346e+23 1.42144e+24 3.11706e+24 5.46090e+24 8.44629e+24 1.20680e+25 1.63190e+25 2.11929e+25
56 136 0 1.00098e+14 8.23128e+23 2.06631e+24 3.68147e+24 5.65223e+24 7.95580e+24 1.07080e+25 1.36762e+25 1.70504e+25
56 135 1 1.53114e+07 5.28090e+17 5.19309e+17 5.09649e+17 5.04499e+17 4.95030e+17 4.90796e+17 4.86080e+17 4.81872e+17
56 135 0 1.46128e+10 1.24033e+20 7.40114e+20 3.06737e+21 9.29573e+21 2.09087e+22 4.36544e+22 7.54117e+22 1.23559e+23
56 134 0 1.52647e+11 4.60663e+22 3.87417e+23 1.30173e+24 3.00946e+24 5.71292e+24 9.51806e+24 1.45069e+25 2.07809e+25
56 133 0 1.08480e+06 2.99266e+16 2.44874e+17 1.94078e+18 4.90551e+18 1.27122e+19 2.94105e+19 4.90931e+19 7.75410e+19
56 132 0 4.85091e+06 9.57398e+17 3.14420e+18 9.82103e+18 1.65051e+19 2.67362e+19 4.18389e+19 5.57010e+19 7.09891e+19
56 131 0 0.00000e+00 1.26899e+11 2.84865e+11 1.81051e+12 2.12046e+12 4.70534e+12 8.85298e+12 8.95775e+12 1.12153e+13
55 137 0 1.20514e+16 7.28432e+25 1.45005e+26 2.16490e+26 2.87309e+26 3.57460e+26 4.26957e+26 4.95804e+26 5.64007e+26
55 136 0 2.27302e+12 1.12928e+23 1.60287e+23 2.10184e+23 2.56296e+23 2.99614e+23 3.61856e+23 3.83749e+23 4.42444e+23
55 135 0 1.36466e+16 6.21604e+25 1.24083e+26 1.85372e+26 2.45978e+26 3.05684e+26 3.64191e+26 4.22282e+26 4.79569e+26
55 134 0 4.78849e+11 1.08444e+24 4.39217e+24 9.66077e+24 1.63094e+25 2.46516e+25 3.29736e+25 4.25257e+25 5.24892e+25
55 133 0 1.25355e+16 7.08194e+25 1.43764e+26 2.14075e+26 2.82103e+26 3.47286e+26 4.11194e+26 4.72545e+26 5.31975e+26
55 132 0 4.07254e+06 7.70199e+18 1.05522e+19 3.00849e+19 2.73805e+19 4.22699e+19 6.13513e+19 5.44063e+19 6.07624e+19
55 131 0 5.28894e+04 1.89086e+15 1.90500e+15 1.90686e+15 1.91603e+15 1.90908e+15 1.91996e+15 1.92520e+15 1.93423e+15
55 129 0 0.00000e+00 1.52963e+09 2.61223e+09 3.41952e+09 4.01605e+09 4.54383e+09 5.01977e+09 5.47257e+09 5.93489e+09
54 136 0 1.30821e+16 9.83235e+25 1.96687e+26 2.95245e+26 3.94127e+26 4.93561e+26 5.93765e+26 6.94262e+26 7.95191e+26
54 135 0 1.18462e+13 2.34925e+23 2.34665e+23 2.33518e+23 2.31885e+23 2.29292e+23 2.26005e+23 2.24551e+23 2.22518e+23
54 134 0 1.44262e+16 8.57619e+25 1.71531e+26 2.57302e+26 3.43059e+26 4.28809e+26 5.14540e+26 6.00255e+26 6.85945e+26
54 133 1 1.95980e+12 5.26050e+22 5.24462e+22 5.22787e+22 5.21670e+22 5.19997e+22 5.18993e+22 5.17908e+22 5.16835e+22
54 133 0 1.52148e+14 3.99499e+24 3.99356e+24 3.99208e+24 3.99161e+24 3.99036e+24 3.98784e+24 3.98975e+24 3.98776e+24
54 132 0 9.14809e+15 5.66376e+25 1.17449e+26 1.80292e+26 2.45185e+26 3.12274e+26 3.80771e+26 4.50934e+26 5.22377e+26
54 131 1 2.04019e+12 5.48634e+22 5.47159e+22 5.45380e+22 5.44126e+22 5.42074e+22 5.41120e+22 5.39899e+22 5.38821e+22
54 131 0 6.30201e+15 3.55459e+25 7.17401e+25 1.05558e+26 1.37070e+26 1.66031e+26 1.93383e+26 2.18778e+26 2.42677e+26
54 130 0 4.26521e+12 5.79799e+22 1.69543e+23 3.35642e+23 5.60759e+23 8.44160e+23 1.19020e+24 1.59975e+24 2.06638e+24
54 129 1 0.00000e+00 7.77745e+13 1.16373e+14 1.48297e+14 1.74403e+14 1.99399e+14 2.23399e+14 2.47788e+14 2.72304e+14
54 129 0 7.44595e+07 1.61129e+19 1.42389e+20 5.03478e+20 1.22153e+21 2.42892e+21 4.23209e+21 6.78434e+21 1.01497e+22
54 128 0 7.77484e+10 2.87966e+22 1.23543e+23 2.85308e+23 5.15235e+23 8.27528e+23 1.19639e+24 1.62577e+24 2.13122e+24
54 127 0 0.00000e+00 9.73839e+15 3.96887e+16 1.83402e+17 2.68362e+17 5.32760e+17 9.42643e+17 1.07537e+18 1.39368e+18
54 126 0 0.00000e+00 1.39322e+18 5.37387e+18 1.66869e+19 2.91258e+19 4.64165e+19 7.25308e+19 9.80072e+19 1.26171e+20
54 125 0 0.00000e+00 9.36195e+09 1.99666e+10 1.38593e+11 1.68326e+11 3.76457e+11 6.86844e+11 6.94312e+11 8.58781e+11
53 133 0 2.50707e+13 6.57143e+23 6.56597e+23 6.55993e+23 6.55449e+23 6.54743e+23 6.54234e+23 6.53704e+23 6.53116e+23
53 131 0 1.17622e+14 3.18848e+24 3.17825e+24 3.16728e+24 3.16006e+24 3.14916e+24 3.14277e+24 3.13595e+24 3.12929e+24
53 130 0 4.77493e+09 4.21260e+20 7.02858e+20 9.82319e+20 1.29121e+21 1.59445e+21 1.92012e+21 2.25149e+21 2.54631e+21
53 129 0 1.98117e+15 1.22461e+25 2.52814e+25 3.82103e+25 5.10201e+25 6.36805e+25 7.62228e+25 8.86457e+25 1.00961e+26
53 127 0 6.44732e+14 3.79174e+24 7.89406e+24 1.19644e+25 1.59582e+25 1.98269e+25 2.36072e+25 2.72926e+25 3.08689e+25
53 126 0 0.00000e+00 9.87212e+17 1.60333e+18 4.31062e+18 4.13173e+18 5.90934e+18 8.83976e+18 8.11770e+18 9.21093e+18
53 125 0 0.00000e+00 1.70274e+13 7.94776e+12 1.22149e+13 1.58822e+13 1.04050e+16 3.62066e+16 6.71391e+15 1.29410e+15
53 123 0 0.00000e+00 4.53303e+12 4.43093e+12 4.32749e+12 4.27047e+12 4.17889e+12 4.13736e+12 4.09511e+12 4.06039e+12
52 132 0 6.57080e+13 1.76781e+24 1.76462e+24 1.76093e+24 1.75821e+24 1.75426e+24 1.75184e+24 1.74929e+24 1.74664e+24
52 131 1 3.68623e+12 1.11109e+23 1.09621e+23 1.08087e+23 1.07160e+23 1.05716e+23 1.04927e+23 1.04087e+23 1.03303e+23
52 130 0 3.85519e+15 2.43073e+25 4.85502e+25 7.26933e+25 9.67728e+25 1.20753e+26 1.44676e+26 1.68537e+26 1.92341e+26
52 129 1 3.79129e+13 9.99270e+23 1.03933e+24 1.03398e+24 1.02911e+24 1.02193e+24 1.01724e+24 1.01263e+24 1.00822e+24
52 128 0 1.02332e+15 6.80687e+24 1.36288e+25 2.04061e+25 2.71544e+25 3.38481e+25 4.05122e+25 4.71434e+25 5.37475e+25
52 127 1 2.78565e+13 4.48907e+23 6.03108e+23 6.47728e+23 6.58109e+23 6.55431e+23 6.49631e+23 6.43316e+23 6.36891e+23
52 127 0 5.99579e+11 1.59869e+22 1.63700e+22 1.63668e+22 1.63087e+22 1.61518e+22 1.60512e+22 1.59439e+22 1.58433e+22
52 126 0 3.55342e+12 2.90726e+22 6.61871e+22 1.09774e+23 1.59576e+23 2.15170e+23 2.76450e+23 3.43318e+23 4.15743e+23
52 125 1 1.41122e+12 6.39539e+21 1.73768e+22 2.80671e+22 3.77275e+22 4.63216e+22 5.39463e+22 6.07150e+22 6.67199e+22
52 125 0 2.56183e+13 3.78582e+22 1.60108e+23 3.61647e+23 6.34023e+23 9.69077e+23 1.35937e+24 1.79838e+24 2.28011e+24
52 124 0 2.95900e+11 1.44459e+21 5.87035e+21 1.41476e+22 2.65587e+22 4.30144e+22 6.38268e+22 8.96527e+22 1.18502e+23
52 123 1 2.34321e+08 3.97614e+18 5.00366e+18 5.05641e+18 5.05402e+18 5.02594e+18 4.90351e+18 4.83430e+18 4.76645e+18
52 123 0 9.13132e+08 1.24427e+19 7.27913e+19 1.93382e+20 4.12269e+20 7.43787e+20 1.20589e+21 1.79825e+21 2.41532e+21
52 122 0 3.53381e+10 3.04988e+21 1.19432e+22 2.68417e+22 4.60335e+22 7.24914e+22 1.03171e+23 1.40500e+23 1.82654e+23
52 121 1 5.54119e+04 2.92204e+15 4.57191e+15 5.53068e+15 6.11142e+15 6.49621e+15 6.77545e+15 7.03129e+15 7.26292e+15
52 121 0 1.33739e+04 1.55254e+15 2.76516e+15 8.61848e+15 1.00340e+16 1.97237e+16 3.36376e+16 3.46745e+16 4.40844e+16
52 120 0 2.29240e+03 1.22823e+14 2.47876e+14 3.74374e+14 5.01563e+14 6.29911e+14 7.58928e+14 8.90277e+14 1.02322e+15
52 119 0 0.00000e+00 7.01195e+09 7.12363e+09 7.20282e+09 7.23391e+09 7.31176e+09 7.34023e+09 7.48147e+09 7.57461e+09
51 128 0 8.24939e+11 2.35391e+22 2.33397e+22 2.31318e+22 2.30028e+22 2.28053e+22 2.26957e+22 2.25815e+22 2.24737e+22
51 127 0 5.95204e+12 1.70993e+23 1.69134e+23 1.67242e+23 1.66120e+23 1.64367e+23 1.63413e+23 1.62402e+23 1.61474e+23
51 126 0 4.67067e+10 2.29520e+21 3.09824e+21 3.84606e+21 4.51182e+21 5.11758e+21 5.67422e+21 6.19515e+21 6.66981e+21
51 125 0 1.17189e+14 9.06554e+23 1.75300e+24 2.50280e+24 3.17010e+24 3.75978e+24 4.28389e+24 4.74891e+24 5.16169e+24
51 124 0 3.82058e+10 1.54376e+21 3.50247e+21 6.03557e+21 8.42662e+21 1.07767e+22 1.33803e+22 1.64432e+22 1.72263e+22
51 123 0 6.12041e+13 3.70110e+23 7.74476e+23 1.19008e+24 1.60800e+24 2.02345e+24 2.43457e+24 2.83984e+24 3.24378e+24
51 122 0 2.23880e+08 1.65688e+20 3.28679e+20 4.98433e+20 6.15122e+20 8.30312e+20 9.50328e+20 1.14849e+21 1.28764e+21
51 121 0 5.37258e+13 3.45472e+23 6.87640e+23 1.02213e+24 1.35126e+24 1.67122e+24 1.98589e+24 2.29261e+24 2.59351e+24
51 120 1 2.96723e+05 2.29757e+16 2.30512e+16 2.30597e+16 2.30785e+16 2.30987e+16 2.31399e+16 2.33837e+16 2.35521e+16
51 119 0 2.92551e+03 3.34762e+14 3.36072e+14 3.36272e+14 3.35955e+14 3.36340e+14 3.36143e+14 3.39711e+14 3.41723e+14
50 126 0 2.57831e+14 1.75350e+24 3.48658e+24 5.19849e+24 6.89810e+24 8.57802e+24 1.02470e+25 1.19043e+25 1.35515e+25
50 125 0 1.47891e+12 4.55605e+22 4.49710e+22 4.43537e+22 4.40199e+22 4.34500e+22 4.31816e+22 4.28951e+22 4.26653e+22
50 124 0 1.01709e+14 7.15121e+23 1.42255e+24 2.12155e+24 2.81509e+24 3.50036e+24 4.18070e+24 4.85584e+24 5.52598e+24
50 123 0 4.05120e+12 7.20451e+22 1.03873e+23 1.17340e+23 1.22899e+23 1.24491e+23 1.24748e+23 1.24380e+23 1.23801e+23
50 122 0 6.49749e+13 4.39593e+23 8.76620e+23 1.31076e+24 1.74312e+24 2.17272e+24 2.60085e+24 3.02756e+24 3.45296e+24
50 121 1 4.87476e+12 3.34264e+22 6.64326e+22 9.90021e+22 1.31245e+23 1.63070e+23 1.94593e+23 2.25819e+23 2.56760e+23
50 121 0 1.37863e+11 3.91461e+21 3.90194e+21 3.88681e+21 3.87740e+21 3.86191e+21 3.85435e+21 3.84694e+21 3.83992e+21
50 120 0 5.19287e+13 3.35551e+23 6.71059e+23 1.00628e+24 1.34134e+24 1.67606e+24 2.01078e+24 2.34561e+24 2.68047e+24
50 119 1 1.31979e+13 1.45338e+23 2.47816e+23 3.19763e+23 3.70314e+23 4.05455e+23 4.30017e+23 4.47110e+23 4.58939e+23
50 119 0 3.79255e+13 1.99820e+23 4.41633e+23 7.12674e+23 1.00421e+24 1.30983e+24 1.62532e+24 1.94760e+24 2.27453e+24
50 118 0 5.13173e+13 3.49737e+23 6.99610e+23 1.04919e+24 1.39883e+24 1.74836e+24 2.09821e+24 2.44866e+24 2.80026e+24
50 117 1 4.12060e+09 1.24001e+20 1.23318e+20 1.22476e+20 1.22027e+20 1.21298e+20 1.21053e+20 1.20885e+20 1.20789e+20
50 117 0 6.26870e+13 4.32712e+23 8.62022e+23 1.28762e+24 1.71105e+24 2.13126e+24 2.55013e+24 2.96801e+24 3.38486e+24
50 116 0 2.02322e+08 4.05037e+22 1.56178e+23 3.36445e+23 5.68942e+23 8.38506e+23 1.15366e+24 1.49367e+24 1.86412e+24
50 115 0 3.38679e+12 2.10345e+22 4.26404e+22 6.43581e+22 8.62144e+22 1.08269e+23 1.30619e+23 1.53334e+23 1.76418e+23
50 114 0 5.99358e+03 1.28012e+18 6.42880e+18 1.73829e+19 3.26429e+19 5.26866e+19 7.80177e+19 1.06866e+20 1.39880e+20
50 113 0 0.00000e+00 2.97404e+11 1.54968e+12 1.04692e+13 1.87755e+13 4.24811e+13 7.96877e+13 1.00459e+14 1.29492e+14
50 112 0 0.00000e+00 2.51862e+13 1.23971e+14 4.66329e+14 8.92888e+14 1.60129e+15 2.64024e+15 3.74775e+15 5.08271e+15
49 115 0 7.01002e+13 3.83031e+23 7.19113e+23 9.95743e+23 1.22426e+24 1.42074e+24 1.57886e+24 1.72072e+24 1.84091e+24
49 114 1 0.00000e+00 7.11040e+14 8.13323e+14 8.31735e+14 8.34876e+14 8.40666e+14 8.42615e+14 8.55673e+14 8.65365e+14
49 113 0 1.04515e+11 7.62731e+19 2.10372e+20 3.52892e+20 4.91780e+20 6.25157e+20 7.51889e+20 8.73067e+20 9.88871e+20
49 111 0 0.00000e+00 1.05022e+12 1.91560e+12 2.66806e+12 3.31255e+12 3.93809e+12 4.55844e+12 5.18547e+12 5.82314e+12
48 116 0 7.22312e+13 4.94299e+23 9.85353e+23 1.47289e+24 1.95853e+24 2.44125e+24 2.92310e+24 3.40433e+24 3.88545e+24
48 115 1 7.27783e+11 1.80049e+22 1.98999e+22 2.01203e+22 2.02019e+22 2.02956e+22 2.04442e+22 2.06480e+22 2.08948e+22
48 115 0 3.42309e+11 9.45625e+21 9.55065e+21 9.64452e+21 9.75041e+21 9.88802e+21 1.00725e+22 1.02943e+22 1.05143e+22
48 114 0 1.21709e+14 1.23466e+24 2.91689e+24 4.70060e+24 6.53794e+24 8.40042e+24 1.02997e+25 1.22186e+25 1.41870e+25
48 113 1 2.35586e+12 6.11834e+21 7.32510e+21 7.61060e+21 7.51241e+21 7.44532e+21 7.27314e+21 7.25847e+21 7.14064e+21
48 113 0 2.14727e+14 5.38674e+23 6.48306e+23 6.75790e+23 6.68549e+23 6.63898e+23 6.49895e+23 6.50007e+23 6.40596e+23
48 112 0 3.21797e+14 1.64566e+24 3.34659e+24 5.09708e+24 6.89561e+24 8.75289e+24 1.06693e+25 1.26522e+25 1.47038e+25
48 111 0 8.05907e+14 3.65589e+24 7.63769e+24 1.16748e+25 1.57716e+25 1.99494e+25 2.42123e+25 2.85695e+25 3.30441e+25
48 110 0 0.00000e+00 1.04952e+24 3.99573e+24 8.94643e+24 1.52749e+25 2.35363e+25 3.32131e+25 4.39083e+25 5.64383e+25
48 109 0 0.00000e+00 3.42793e+17 1.56832e+18 8.63717e+18 1.66504e+19 3.46463e+19 6.45767e+19 8.91963e+19 1.19134e+20
48 108 0 1.85215e+07 1.58249e+19 4.66241e+19 1.39185e+20 2.23470e+20 3.56453e+20 5.52606e+20 7.24327e+20 9.18924e+20
48 106 0 0.00000e+00 1.59370e+11 3.72817e+11 6.67305e+11 1.00525e+12 1.44564e+12 2.03918e+12 2.66566e+12 3.40484e+12
47 111 0 1.38702e+13 2.93588e+23 2.97371e+23 3.01987e+23 3.05996e+23 3.11652e+23 3.16293e+23 3.21756e+23 3.27610e+23
47 110 1 0.00000e+00 1.97930e+18 5.95953e+18 1.15502e+19 1.83347e+19 2.61835e+19 3.49991e+19 4.47370e+19 5.52748e+19
47 109 0 3.77182e+15 1.77671e+25 3.46180e+25 5.03604e+25 6.53084e+25 7.93262e+25 9.26444e+25 1.05832e+26 1.18138e+26
47 108 1 1.90450e+07 1.58769e+17 3.26056e+17 5.01113e+17 6.84715e+17 8.75678e+17 1.07574e+18 1.28513e+18 1.50412e+18
47 107 0 7.04138e+08 8.39661e+17 3.32093e+18 7.40726e+18 1.30672e+19 2.02586e+19 2.89431e+19 3.90878e+19 5.06537e+19
47 106 1 0.00000e+00 7.26289e+12 9.04998e+12 1.04731e+13 1.16403e+13 1.26710e+13 1.36912e+13 1.46862e+13 1.56706e+13
47 105 0 0.00000e+00 2.44187e+11 5.37289e+11 7.64647e+11 9.35356e+11 1.08195e+12 1.21314e+12 1.33755e+12 1.45784e+12
46 112 0 6.22436e+11 1.39205e+22 1.40776e+22 1.42839e+22 1.44867e+22 1.47713e+22 1.50452e+22 1.53816e+22 1.57540e+22
46 110 0 1.83549e+15 8.88635e+24 1.78762e+25 2.69859e+25 3.61831e+25 4.55114e+25 5.49317e+25 6.44541e+25 7.40848e+25
46 109 0 4.83426e+12 1.08016e+23 1.13050e+23 1.18242e+23 1.21530e+23 1.27515e+23 1.31809e+23 1.37164e+23 1.43035e+23
46 107 0 7.62154e+15 3.94098e+25 7.85223e+25 1.17329e+26 1.55807e+26 1.94033e+26 2.31928e+26 2.69481e+26 3.06640e+26
46 106 0 3.98457e+15 8.11775e+24 2.75916e+25 5.60211e+25 9.14360e+25 1.32522e+26 1.77924e+26 2.27100e+26 2.79235e+26
46 105 0 1.08371e+16 5.95202e+25 1.19298e+26 1.78391e+26 2.36890e+26 2.94663e+26 3.51976e+26 4.08546e+26 4.64490e+26
46 104 0 6.45742e+09 8.15397e+23 4.34960e+24 1.09269e+25 2.02963e+25 3.23557e+25 4.71041e+25 6.41554e+25 8.40777e+25
46 103 0 0.00000e+00 1.04444e+17 4.01636e+17 2.34367e+18 2.90535e+18 6.69021e+18 1.21694e+19 1.19138e+19 1.55003e+19
46 102 0 2.15839e+05 6.35018e+14 2.23369e+15 4.45623e+15 7.08393e+15 9.97455e+15 1.30377e+16 1.62202e+16 1.94876e+16
46 101 0 0.00000e+00 9.07315e+06 1.53627e+07 2.75163e+07 3.12248e+07 4.66206e+07 6.05588e+07 5.96795e+07 6.65127e+07
45 105 0 3.65854e+13 8.89897e+23 8.91669e+23 8.92335e+23 8.94305e+23 8.94962e+23 8.96639e+23 8.98463e+23 8.99656e+23
45 103 0 1.15983e+16 4.75929e+25 1.17538e+26 1.86317e+26 2.52419e+26 3.15802e+26 3.76462e+26 4.34755e+26 4.90131e+26
45 102 1 7.71821e+05 1.22683e+16 2.02724e+16 2.54569e+16 2.88930e+16 3.11036e+16 3.26440e+16 3.37485e+16 3.45913e+16
45 102 0 1.56245e+06 3.09819e+19 1.17014e+20 4.15452e+20 6.77481e+20 1.10194e+21 1.73951e+21 2.23874e+21 2.78087e+21
45 101 1 0.00000e+00 1.44019e+13 1.59782e+13 1.70565e+13 1.78816e+13 1.84865e+13 1.91189e+13 1.96967e+13 2.03020e+13
45 101 0 8.67526e+03 9.06450e+13 1.86144e+14 2.81415e+14 3.74593e+14 4.64136e+14 5.50377e+14 6.33244e+14 7.12925e+14
45 99 0 0.00000e+00 3.34764e+09 6.12661e+09 8.07685e+09 9.43369e+09 1.05720e+10 1.15433e+10 1.24376e+10 1.33350e+10
44 106 0 5.70420e+15 4.50381e+25 7.96030e+25 1.06210e+26 1.26679e+26 1.42534e+26 1.54774e+26 1.64259e+26 1.71638e+26
44 104 0 1.22903e+16 6.92839e+25 1.38671e+26 2.08150e+26 2.77655e+26 3.47259e+26 4.16876e+26 4.86502e+26 5.56166e+26
44 103 0 1.14155e+15 2.72484e+25 2.93319e+25 2.94842e+25 2.95044e+25 2.95051e+25 2.95174e+25 2.95176e+25 2.95285e+25
44 102 0 1.18313e+16 6.98568e+25 1.40536e+26 2.12072e+26 2.84341e+26 3.57453e+26 4.31511e+26 5.06370e+26 5.81981e+26
44 101 0 1.13438e+16 6.71178e+25 1.33502e+26 1.99118e+26 2.64045e+26 3.28206e+26 3.91435e+26 4.53940e+26 5.15723e+26
44 100 0 2.86829e+11 9.51546e+23 3.63786e+24 8.45696e+24 1.48699e+25 2.32487e+25 3.27701e+25 4.38873e+25 5.67647e+25
44 99 0 3.96792e+11 2.18911e+21 4.48446e+21 6.83065e+21 9.21188e+21 1.16420e+22 1.41328e+22 1.66466e+22 1.92072e+22
44 98 0 8.42869e+03 8.35675e+15 3.34981e+16 8.78426e+16 1.51787e+17 2.29270e+17 3.40723e+17 4.62025e+17 6.14943e+17
44 97 0 0.00000e+00 7.12141e+09 1.22110e+10 1.78629e+10 2.05622e+10 2.61827e+10 3.32456e+10 3.45826e+10 3.97721e+10
43 99 0 1.12028e+16 6.55113e+25 1.31161e+26 1.94672e+26 2.56594e+26 3.16532e+26 3.75322e+26 4.32517e+26 4.87948e+26
43 98 0 3.82037e+08 7.32420e+19 2.34959e+20 6.78826e+20 1.13267e+21 1.77255e+21 2.72208e+21 3.61707e+21 4.63793e+21
43 97 1 7.66392e+05 1.84427e+16 2.46876e+16 2.67309e+16 2.74500e+16 2.75310e+16 2.75479e+16 2.75093e+16 2.74719e+16
43 97 0 6.73744e+06 4.26603e+16 9.82362e+16 1.58028e+17 2.19327e+17 2.80755e+17 3.42213e+17 4.03576e+17 4.64851e+17
43 95 1 0.00000e+00 7.80716e+10 1.84939e+11 2.68873e+11 3.28974e+11 3.76884e+11 4.16902e+11 4.53104e+11 4.87792e+11
43 95 0 0.00000e+00 9.68895e+09 1.63360e+10 2.11022e+10 2.44684e+10 2.73522e+10 2.98539e+10 3.21724e+10 3.45557e+10
42 100 0 1.20466e+16 7.36081e+25 1.47080e+26 2.20395e+26 2.93576e+26 3.66587e+26 4.39489e+26 5.12240e+26 5.84860e+26
42 99 0 7.07069e+13 1.86608e+24 1.86636e+24 1.86637e+24 1.86673e+24 1.86651e+24 1.86684e+24 1.86735e+24 1.86776e+24
42 98 0 9.94507e+15 6.22249e+25 1.24423e+26 1.86583e+26 2.48747e+26 3.10828e+26 3.72925e+26 4.35009e+26 4.97061e+26
42 97 0 9.51659e+15 5.86479e+25 1.17495e+26 1.76102e+26 2.34474e+26 2.92625e+26 3.50540e+26 4.08281e+26 4.65753e+26
42 96 0 1.48453e+13 1.38760e+23 6.87732e+23 1.86474e+24 3.59517e+24 6.00969e+24 8.99743e+24 1.25016e+25 1.67278e+25
42 95 0 6.25446e+15 1.45256e+25 5.47049e+25 1.02463e+26 1.51423e+26 1.99962e+26 2.47865e+26 2.95143e+26 3.41576e+26
42 94 0 3.25473e+07 2.05130e+19 1.60072e+20 6.05395e+20 1.17786e+21 1.95663e+21 3.13665e+21 4.38865e+21 5.95281e+21
42 93 0 1.03621e+04 9.14118e+13 2.42875e+14 9.16538e+14 1.94981e+15 4.18144e+15 8.56126e+15 1.34909e+16 2.01911e+16
42 92 0 0.00000e+00 3.70284e+10 1.30981e+11 2.63534e+11 4.22520e+11 6.02907e+11 8.01118e+11 1.01569e+12 1.24571e+12
41 96 0 3.30295e+10 1.15362e+21 1.48219e+21 1.58478e+21 1.62064e+21 1.64631e+21 1.66053e+21 1.68165e+21 1.70125e+21
41 95 1 7.31853e+11 1.58517e+22 1.93486e+22 2.00270e+22 2.01315e+22 2.01003e+22 2.00601e+22 2.00158e+22 1.99689e+22
41 95 0 6.43030e+14 1.08865e+25 1.61860e+25 1.74181e+25 1.76496e+25 1.76549e+25 1.76227e+25 1.75845e+25 1.75439e+25
41 94 0 1.49985e+10 1.38494e+20 3.03680e+20 4.98596e+20 6.72261e+20 8.40160e+20 1.01854e+21 1.18201e+21 1.34491e+21
41 93 1 2.41911e+09 4.26433e+18 1.55541e+19 3.37026e+19 5.85542e+19 8.99380e+19 1.27705e+20 1.71689e+20 2.21751e+20
41 93 0 5.09552e+08 3.18942e+18 6.63424e+18 1.04450e+19 1.47628e+19 1.96704e+19 2.53082e+19 3.17730e+19 3.91753e+19
41 92 0 6.57501e+06 5.26134e+16 1.04631e+17 1.55867e+17 2.06678e+17 2.56614e+17 3.06254e+17 3.55383e+17 4.04173e+17
41 91 1 0.00000e+00 6.18946e+04 1.46410e+05 2.12513e+05 2.59570e+05 2.96826e+05 3.27714e+05 3.55465e+05 3.81915e+05
41 91 0 7.43463e+04 6.01249e+14 1.20375e+15 1.80198e+15 2.39867e+15 2.98726e+15 3.57278e+15 4.15409e+15 4.73189e+15
41 90 0 0.00000e+00 1.54501e+09 2.59712e+09 3.35181e+09 3.88545e+09 4.34417e+09 4.74337e+09 5.11433e+09 5.49682e+09
40 97 0 1.50544e+13 4.05439e+23 4.05163e+23 4.04772e+23 4.04385e+23 4.03876e+23 4.03511e+23 4.03501e+23 4.02623e+23
40 96 0 8.57917e+15 5.39924e+25 1.07917e+26 1.61729e+26 2.15440e+26 2.69013e+26 3.22492e+26 3.75825e+26 4.29109e+26
40 95 0 1.17907e+15 2.59249e+25 3.12461e+25 3.22749e+25 3.24308e+25 3.23786e+25 3.23144e+25 3.22439e+25 3.21689e+25
40 94 0 7.12040e+15 4.58715e+25 9.17117e+25 1.37468e+26 1.83213e+26 2.28895e+26 2.74541e+26 3.20165e+26 3.65797e+26
40 93 0 6.25883e+15 4.08701e+25 8.17175e+25 1.22363e+26 1.62798e+26 2.02975e+26 2.42980e+26 2.82788e+26 3.22365e+26
40 92 0 4.90744e+15 3.27926e+25 6.55290e+25 9.81809e+25 1.30761e+26 1.63233e+26 1.95644e+26 2.27990e+26 2.60265e+26
40 91 0 3.47259e+15 1.42159e+25 3.92164e+25 6.60886e+25 9.32227e+25 1.20313e+26 1.47315e+26 1.74227e+26 2.01046e+26
40 90 0 6.82496e+13 1.06118e+23 4.32062e+23 9.76009e+23 1.73508e+24 2.70677e+24 3.88863e+24 5.27788e+24 6.87279e+24
40 89 0 4.47108e+03 7.60709e+14 1.13500e+15 6.82101e+15 1.41916e+16 2.48702e+16 3.01934e+16 4.02139e+16 4.76507e+16
40 88 0 0.00000e+00 2.06887e+13 2.67869e+13 2.83749e+13 2.87352e+13 2.85168e+13 2.83077e+13 2.80668e+13 2.78402e+13
39 93 0 6.06347e+12 1.72793e+23 1.72420e+23 1.71917e+23 1.71481e+23 1.70877e+23 1.70495e+23 1.70092e+23 1.69650e+23
39 91 0 5.37426e+14 1.30965e+25 1.54534e+25 1.58406e+25 1.58752e+25 1.58326e+25 1.57936e+25 1.57537e+25 1.57099e+25
39 90 0 8.30479e+11 5.74395e+21 1.15582e+22 1.73116e+22 2.29906e+22 2.85999e+22 3.41471e+22 3.96237e+22 4.50537e+22
39 89 0 2.41254e+15 1.06802e+25 2.83899e+25 4.70085e+25 6.56989e+25 8.43349e+25 1.02910e+26 1.21431e+26 1.39895e+26
39 88 0 3.95345e+07 1.86834e+18 3.41288e+18 1.19482e+19 1.85010e+19 3.13674e+19 3.91705e+19 4.40714e+19 4.87185e+19
39 87 1 0.00000e+00 4.91382e+07 8.23761e+07 1.06045e+08 1.22623e+08 1.36747e+08 1.48909e+08 1.60124e+08 1.71638e+08
39 87 0 2.00273e+04 6.86323e+14 6.73128e+14 6.58568e+14 6.49947e+14 6.35431e+14 6.27679e+14 6.19057e+14 6.11078e+14
38 91 0 3.67348e+12 1.09084e+23 1.08904e+23 1.08605e+23 1.08309e+23 1.07910e+23 1.07655e+23 1.07387e+23 1.07082e+23
38 90 0 3.29337e+15 2.29874e+25 4.57061e+25 6.81340e+25 9.02820e+25 1.12126e+26 1.33704e+26 1.55016e+26 1.76059e+26
38 89 0 3.14372e+14 8.17272e+24 9.27058e+24 9.39332e+24 9.38589e+24 9.35105e+24 9.32529e+24 9.29988e+24 9.27248e+24
38 88 0 2.13823e+15 1.46038e+25 2.91818e+25 4.37198e+25 5.82225e+25 7.26714e+25 8.70880e+25 1.01473e+26 1.15822e+26
38 87 0 2.86293e+10 2.25864e+20 4.50380e+20 6.90979e+20 9.44865e+20 1.23050e+21 1.54230e+21 1.88237e+21 2.26611e+21
38 86 0 2.32645e+11 3.41834e+21 1.31183e+22 2.96248e+22 5.29592e+22 8.31710e+22 1.20272e+23 1.66258e+23 2.18444e+23
38 85 0 1.43768e+06 3.93182e+16 4.72955e+16 5.23617e+16 5.62478e+16 6.65267e+16 7.46087e+16 8.26423e+16 9.27395e+16
38 84 0 2.97822e+06 4.33329e+16 1.39750e+17 4.01710e+17 7.37327e+17 1.25695e+18 2.02797e+18 2.80846e+18 3.60877e+18
38 83 0 0.00000e+00 1.11380e+11 1.09432e+11 1.07868e+11 1.07599e+11 1.06768e+11 1.06980e+11 1.06847e+11 1.07064e+11
37 87 0 1.62820e+15 1.11544e+25 2.22858e+25 3.33810e+25 4.44416e+25 5.54585e+25 6.64461e+25 7.74008e+25 8.83232e+25
37 86 0 1.02904e+10 1.20818e+21 2.38961e+21 3.70528e+21 4.98363e+21 6.28150e+21 7.57679e+21 9.35520e+21 1.03717e+22
37 85 0 7.30514e+14 4.96044e+24 9.94066e+24 1.49334e+25 1.99391e+25 2.49515e+25 2.99766e+25 3.50108e+25 4.00559e+25
37 84 0 7.18040e+06 9.51304e+17 1.18924e+18 3.74939e+18 3.69978e+18 6.55065e+18 9.17982e+18 8.17833e+18 8.87693e+18
37 83 0 9.03468e+06 2.14258e+17 2.76056e+17 2.90159e+17 2.91521e+17 2.87061e+17 2.82923e+17 2.78616e+17 2.74548e+17
36 86 0 1.24954e+15 8.49444e+24 1.69768e+25 2.54383e+25 3.38798e+25 4.22936e+25 5.06899e+25 5.90689e+25 6.74280e+25
36 85 0 1.94174e+14 1.39793e+24 2.75721e+24 4.07740e+24 5.36049e+24 6.60557e+24 7.81567e+24 8.99241e+24 1.01365e+25
36 84 0 7.51838e+14 5.16960e+24 1.04015e+25 1.56907e+25 2.10429e+25 2.64425e+25 3.19122e+25 3.74318e+25 4.30162e+25
36 83 0 4.60010e+14 3.10678e+24 6.12553e+24 9.05275e+24 1.18896e+25 1.46403e+25 1.72972e+25 1.98795e+25 2.23715e+25
36 82 0 1.47113e+12 1.52886e+22 4.13699e+22 7.81984e+22 1.25564e+23 1.80301e+23 2.47267e+23 3.20659e+23 4.05113e+23
36 81 0 2.18454e+08 1.76159e+18 3.58950e+18 5.53501e+18 7.63841e+18 9.92493e+18 1.25248e+19 1.53002e+19 1.84615e+19
36 80 0 1.54751e+09 1.29207e+19 2.87583e+19 5.02374e+19 7.32145e+19 1.01824e+20 1.35925e+20 1.71591e+20 2.10185e+20
36 79 0 0.00000e+00 2.07749e+12 2.03535e+12 2.18938e+12 2.23761e+12 2.47888e+12 2.56693e+12 2.64777e+12 2.76059e+12
36 78 0 0.00000e+00 2.54074e+12 5.03288e+12 7.49476e+12 9.92225e+12 1.23248e+13 1.47155e+13 1.70584e+13 1.93764e+13
35 82 0 4.90756e+09 3.03821e+20 4.67949e+20 6.34591e+20 8.01269e+20 9.20428e+20 1.11935e+21 1.23328e+21 1.42777e+21
35 81 0 2.25500e+14 1.61106e+24 3.19031e+24 4.73629e+24 6.25736e+24 7.74880e+24 9.21456e+24 1.06592e+25 1.20783e+25
35 79 0 2.95844e+10 2.15029e+20 4.24835e+20 6.29020e+20 8.29259e+20 1.02381e+21 1.21430e+21 1.39959e+21 1.58104e+21
35 77 0 0.00000e+00 5.59898e+12 5.48785e+12 5.37136e+12 5.30710e+12 5.19650e+12 5.14352e+12 5.08496e+12 5.03178e+12
34 82 0 3.36092e+14 2.25863e+24 4.50233e+24 6.72974e+24 8.94634e+24 1.11467e+25 1.33372e+25 1.55171e+25 1.76870e+25
34 80 0 1.12906e+14 8.20963e+23 1.63398e+24 2.43852e+24 3.23904e+24 4.03160e+24 4.82079e+24 5.60639e+24 6.38894e+24
34 79 0 5.37544e+13 3.92155e+23 7.76763e+23 1.15340e+24 1.52390e+24 1.88643e+24 2.24309e+24 2.59355e+24 2.93796e+24
34 78 0 2.79197e+13 1.84140e+23 3.67195e+23 5.49083e+23 7.30271e+23 9.10409e+23 1.08996e+24 1.26887e+24 1.44722e+24
34 77 0 8.32889e+12 6.27596e+22 1.25569e+23 1.87191e+23 2.47963e+23 3.07588e+23 3.66391e+23 4.24414e+23 4.81674e+23
34 76 0 5.53982e+09 8.64769e+19 2.71503e+20 5.49898e+20 9.37094e+20 1.41211e+21 1.97421e+21 2.63743e+21 3.37735e+21
34 75 0 2.22849e+04 7.70276e+14 1.84828e+15 3.35873e+15 4.91906e+15 6.86813e+15 9.24750e+15 1.10993e+16 1.30820e+16
34 74 0 2.06379e+06 1.43032e+16 3.10410e+16 5.03680e+16 6.91403e+16 9.09165e+16 1.15560e+17 1.37999e+17 1.59450e+17
34 73 0 0.00000e+00 3.70776e+06 3.14932e+06 1.42872e+07 2.57810e+07 3.55795e+07 3.78927e+07 4.68313e+07 4.76429e+07
33 77 0 3.08824e+10 1.02220e+21 1.00962e+21 9.96029e+20 9.87367e+20 9.74194e+20 9.66933e+20 9.59689e+20 9.52558e+20
33 76 0 1.36471e+07 1.42044e+18 2.50848e+18 3.51413e+18 4.73383e+18 5.69056e+18 6.65177e+18 7.79336e+18 8.64855e+18
33 75 0 1.51485e+12 1.15160e+22 2.27639e+22 3.37377e+22 4.44945e+22 5.49898e+22 6.53024e+22 7.54116e+22 8.53520e+22
33 74 0 2.56729e+05 9.66215e+15 9.61962e+15 1.24769e+16 1.21577e+16 1.52737e+16 1.77701e+16 1.64103e+16 1.70124e+16
33 73 0 2.43552e+04 5.93612e+14 7.50568e+14 7.82452e+14 7.84514e+14 7.73178e+14 7.63985e+14 7.54790e+14 7.46502e+14
33 72 0 0.00000e+00 1.27298e+11 1.24703e+11 1.22076e+11 1.20692e+11 1.18290e+11 1.17234e+11 1.16068e+11 1.15044e+11
33 71 0 0.00000e+00 1.34992e+06 1.35980e+06 1.31977e+06 1.26539e+06 1.27457e+06 1.23637e+06 1.26671e+06 1.28849e+06
32 77 0 3.88454e+09 1.26211e+20 1.24346e+20 1.22397e+20 1.21182e+20 1.19344e+20 1.18313e+20 1.17277e+20 1.16259e+20
32 76 0 3.55728e+12 2.57525e+22 5.11782e+22 7.62617e+22 1.01148e+23 1.25706e+23 1.50091e+23 1.74290e+23 1.98328e+23
32 74 0 6.69462e+11 5.29985e+21 1.05349e+22 1.56986e+22 2.08274e+22 2.58895e+22 3.09242e+22 3.59277e+22 4.09068e+22
32 73 0 2.92745e+11 2.27818e+21 4.51326e+21 6.70279e+21 8.85912e+21 1.09700e+22 1.30500e+22 1.50995e+22 1.71181e+22
32 72 0 1.32590e+11 1.01442e+21 2.04296e+21 3.05910e+21 4.06839e+21 5.06613e+21 6.05934e+21 7.04829e+21 8.03290e+21
32 71 0 5.97318e+03 2.24319e+14 2.36828e+14 3.78012e+14 4.12812e+14 6.13056e+14 7.20252e+14 7.71415e+14 8.77899e+14
32 70 0 8.72981e+06 1.47298e+17 4.91974e+17 1.01158e+18 1.74201e+18 2.71099e+18 3.82261e+18 5.16928e+18 6.71130e+18
32 69 0 0.00000e+00 3.71856e+08 5.00053e+08 2.94225e+09 5.25429e+09 9.82051e+09 1.14277e+10 1.51812e+10 1.87471e+10
32 68 0 0.00000e+00 2.74243e+06 4.65308e+06 5.88584e+06 6.61187e+06 7.12083e+06 7.38219e+06 7.60744e+06 7.78034e+06
31 72 0 1.78783e+08 6.03297e+18 5.97019e+18 5.90354e+18 5.86667e+18 5.80346e+18 5.78247e+18 5.76296e+18 5.74005e+18
31 71 0 8.25983e+10 4.61847e+20 9.24776e+20 1.38875e+21 1.85355e+21 2.31949e+21 2.78523e+21 3.25068e+21 3.71658e+21
31 69 0 8.77424e+09 8.23243e+19 1.65234e+20 2.48397e+20 3.31492e+20 4.14521e+20 4.97663e+20 5.80862e+20 6.64065e+20
31 67 0 0.00000e+00 1.00225e+08 1.84043e+08 2.77672e+08 3.75325e+08 4.86424e+08 6.07707e+08 7.40096e+08 8.86189e+08
31 66 0 0.00000e+00 4.81443e+04 4.84970e+04 4.70740e+04 4.51451e+04 4.54633e+04 4.40462e+04 4.49638e+04 4.53235e+04
30 72 0 5.78909e+08 1.95057e+19 1.92670e+19 1.90080e+19 1.88608e+19 1.86133e+19 1.84973e+19 1.83786e+19 1.82668e+19
30 70 0 3.12536e+10 2.23834e+20 4.47856e+20 6.71733e+20 8.95498e+20 1.11896e+21 1.34248e+21 1.56615e+21 1.78989e+21
30 69 1 1.09663e+05 3.25444e+15 3.21369e+15 3.17424e+15 3.15609e+15 3.12172e+15 3.10905e+15 3.09489e+15 3.08332e+15
30 68 0 2.80973e+09 3.83386e+19 7.75406e+19 1.17315e+20 1.57294e+20 1.97601e+20 2.38178e+20 2.79055e+20 3.20137e+20
30 67 0 8.78046e+08 2.09677e+19 4.31705e+19 6.58460e+19 8.86915e+19 1.11803e+20 1.35124e+20 1.58671e+20 1.82370e+20
30 66 0 3.56300e+08 4.97593e+18 1.02041e+19 1.55354e+19 2.09234e+19 2.63823e+19 3.19082e+19 3.75055e+19 4.31627e+19
29 67 0 5.19858e+06 5.57109e+17 5.74899e+17 5.86866e+17 5.91368e+17 5.98450e+17 6.03901e+17 6.09677e+17 6.13680e+17
28 66 0 1.84328e+06 1.15434e+17 1.18609e+17 1.20944e+17 1.22264e+17 1.23919e+17 1.25467e+17 1.27085e+17 1.28479e+17
8 16 0 4.03331e+29 4.03331e+29 4.03331e+29 4.03331e+29 4.03331e+29 4.03331e+29 4.03331e+29 4.03331e+29 4.03331e+29
2 4 0 1.96553e+25 3.18787e+25 5.53367e+25 8.61982e+25 1.22437e+26 1.62921e+26 2.07059e+26 2.54480e+26 3.05146e+26
1 2 0 0.00000e+00 9.16495e+05 9.51918e+06 3.65921e+07 9.42505e+07 1.94841e+08 3.55725e+08 5.96959e+08 9.37794e+08
1 1 0 0.00000e+00 1.64476e+11 8.08782e+11 2.04165e+12 3.80909e+12 6.15952e+12 9.32590e+12 1.33443e+13 1.79148e+13

